Timestamp	RTD1		RTD2		RTD3		RTD4		Pressure	Voltage0	Voltage1	Voltage2	Voltage3	Voltage7
15:39:08 	296.829677	193.946790	297.250910	297.724522	15.097618	2.158070	1.259411	2.273911	2.267939	0.191171
15:39:10 	296.829677	193.257164	297.317076	297.724522	15.097618	2.158070	1.253440	2.274508	2.267939	0.191171
15:39:13 	296.829677	192.705463	297.250910	297.655071	15.147377	2.158070	1.248663	2.273911	2.267342	0.191769
15:39:15 	296.764393	192.291687	297.317076	297.724522	15.197137	2.157473	1.245080	2.274508	2.267939	0.192366
15:39:17 	296.699108	191.464135	297.184743	297.724522	15.147377	2.156876	1.237915	2.273314	2.267939	0.191769
15:39:19 	296.764393	190.981396	297.317076	297.863426	15.197137	2.157473	1.233735	2.274508	2.269134	0.192366
15:39:22 	296.764393	190.429695	297.317076	297.724522	15.147377	2.157473	1.228958	2.274508	2.267939	0.191769
15:39:24 	296.829677	189.877994	297.317076	297.724522	15.047858	2.158070	1.224181	2.274508	2.267939	0.190574
15:39:26 	296.699108	189.395256	297.184743	297.655071	15.047858	2.156876	1.220002	2.273314	2.267342	0.190574
15:39:29 	296.764393	188.774592	297.250910	297.655071	15.097618	2.157473	1.214628	2.273911	2.267342	0.191171
15:39:31 	296.764393	188.222890	297.118576	297.724522	15.197137	2.157473	1.209851	2.272716	2.267939	0.192366
15:39:33 	296.829677	187.533264	297.250910	297.793974	15.197137	2.158070	1.203879	2.273911	2.268537	0.192366
15:39:36 	296.699108	187.188451	297.250910	297.724522	15.047858	2.156876	1.200894	2.273911	2.267939	0.190574
15:39:38 	296.764393	186.636750	297.250910	297.655071	15.097618	2.157473	1.196117	2.273911	2.267342	0.191171
15:39:40 	296.764393	186.016086	297.250910	297.655071	15.147377	2.157473	1.190743	2.273911	2.267342	0.191769
15:39:42 	296.764393	185.464385	297.184743	297.724522	15.147377	2.157473	1.185966	2.273314	2.267939	0.191769
15:39:45 	296.829677	184.843721	297.317076	297.793974	15.097618	2.158070	1.180592	2.274508	2.268537	0.191171
15:39:48 	296.829677	184.154094	297.118576	297.724522	15.147377	2.158070	1.174621	2.272716	2.267939	0.191769
15:39:50 	296.764393	183.533430	297.184743	297.585619	15.047858	2.157473	1.169247	2.273314	2.266745	0.190574
15:39:52 	296.829677	182.843804	297.118576	297.724522	15.097618	2.158070	1.163276	2.272716	2.267939	0.191171
15:39:55 	296.829677	182.498991	297.317076	297.655071	15.097618	2.158070	1.160290	2.274508	2.267342	0.191171
15:39:57 	296.699108	181.809364	297.317076	297.655071	15.147377	2.156876	1.154319	2.274508	2.267342	0.191769
15:40:00 	296.829677	181.257663	297.184743	297.724522	15.097618	2.158070	1.149542	2.273314	2.267939	0.191171
15:40:02 	296.829677	180.774925	297.250910	297.655071	14.998099	2.158070	1.145362	2.273911	2.267342	0.189977
15:40:04 	296.829677	180.292186	297.184743	297.724522	15.197137	2.158070	1.141182	2.273314	2.267939	0.192366
15:40:06 	296.764393	179.740485	297.250910	297.793974	15.097618	2.157473	1.136405	2.273911	2.268537	0.191171
15:40:08 	296.894962	179.257746	297.250910	297.724522	15.097618	2.158667	1.132226	2.273911	2.267939	0.191171
15:40:11 	296.764393	178.775008	297.250910	297.793974	15.097618	2.157473	1.128046	2.273911	2.268537	0.191171
15:40:13 	296.764393	178.154344	297.184743	297.655071	15.047858	2.157473	1.122672	2.273314	2.267342	0.190574
15:40:15 	296.764393	177.602643	297.184743	297.655071	15.197137	2.157473	1.117895	2.273314	2.267342	0.192366
15:40:18 	296.894962	177.119904	297.052409	297.724522	15.097618	2.158667	1.113715	2.272119	2.267939	0.191171
15:40:20 	296.764393	176.568203	297.184743	297.724522	15.147377	2.157473	1.108938	2.273314	2.267939	0.191769
15:40:23 	296.829677	176.016502	297.184743	297.724522	15.147377	2.158070	1.104161	2.273314	2.267939	0.191769
15:40:25 	296.829677	175.602726	297.250910	297.724522	15.047858	2.158070	1.100578	2.273911	2.267939	0.190574
15:40:28 	296.829677	174.775174	297.250910	297.724522	15.047858	2.158070	1.093413	2.273911	2.267939	0.190574
15:40:30 	296.764393	174.361398	297.250910	297.585619	15.097618	2.157473	1.089830	2.273911	2.266745	0.191171
15:40:33 	296.699108	173.740735	297.118576	297.793974	15.097618	2.156876	1.084456	2.272716	2.268537	0.191171
15:40:35 	296.764393	173.326959	297.118576	297.724522	15.097618	2.157473	1.080874	2.272716	2.267939	0.191171
15:40:37 	296.829677	172.844220	297.250910	297.724522	15.097618	2.158070	1.076694	2.273911	2.267939	0.191171
15:40:40 	296.894962	172.361482	297.250910	297.724522	15.097618	2.158667	1.072514	2.273911	2.267939	0.191171
15:40:42 	296.764393	171.878743	297.250910	297.724522	15.097618	2.157473	1.068334	2.273911	2.267939	0.191171
15:40:44 	296.699108	171.327042	297.250910	297.655071	15.097618	2.156876	1.063557	2.273911	2.267342	0.191171
15:40:46 	296.764393	170.913266	297.250910	297.655071	15.097618	2.157473	1.059975	2.273911	2.267342	0.191171
15:40:49 	296.764393	170.430527	297.250910	297.793974	15.047858	2.157473	1.055795	2.273911	2.268537	0.190574
15:40:51 	296.894962	169.947789	297.250910	297.724522	15.097618	2.158667	1.051615	2.273911	2.267939	0.191171
15:40:53 	296.764393	169.534013	297.317076	297.793974	15.147377	2.157473	1.048032	2.274508	2.268537	0.191769
15:40:55 	296.764393	169.120237	297.317076	297.655071	15.097618	2.157473	1.044450	2.274508	2.267342	0.191171
15:40:57 	296.829677	168.568536	297.250910	297.724522	15.097618	2.158070	1.039673	2.273911	2.267939	0.191171
15:41:00 	296.829677	168.085797	297.250910	297.863426	15.097618	2.158070	1.035493	2.273911	2.269134	0.191171
15:41:02 	296.829677	167.740984	297.250910	297.724522	15.097618	2.158070	1.032507	2.273911	2.267939	0.191171
15:41:04 	296.764393	167.258246	297.317076	297.655071	15.097618	2.157473	1.028327	2.274508	2.267342	0.191171
15:41:06 	296.829677	166.775507	297.250910	297.724522	15.097618	2.158070	1.024148	2.273911	2.267939	0.191171
15:41:09 	296.829677	166.292769	297.250910	297.724522	15.097618	2.158070	1.019968	2.273911	2.267939	0.191171
15:41:11 	296.894962	165.878993	297.118576	297.724522	15.097618	2.158667	1.016385	2.272716	2.267939	0.191171
15:41:13 	296.829677	165.396254	297.184743	297.724522	15.097618	2.158070	1.012205	2.273314	2.267939	0.191171
15:41:16 	296.894962	164.982478	297.317076	297.793974	15.147377	2.158667	1.008623	2.274508	2.268537	0.191769
15:41:18 	296.764393	164.361814	297.317076	297.724522	15.147377	2.157473	1.003249	2.274508	2.267939	0.191769
15:41:20 	296.764393	163.879076	297.250910	297.655071	15.097618	2.157473	0.999069	2.273911	2.267342	0.191171
15:41:23 	296.699108	163.396337	297.118576	297.724522	15.097618	2.156876	0.994889	2.272716	2.267939	0.191171
15:41:25 	296.764393	163.051524	297.184743	297.724522	15.097618	2.157473	0.991903	2.273314	2.267939	0.191171
15:41:27 	296.829677	162.706711	297.184743	297.655071	15.097618	2.158070	0.988918	2.273314	2.267342	0.191171
15:41:29 	296.829677	162.223972	297.184743	297.655071	15.047858	2.158070	0.984738	2.273314	2.267342	0.190574
15:41:32 	296.764393	161.810197	297.184743	297.655071	15.047858	2.157473	0.981155	2.273314	2.267342	0.190574
15:41:34 	296.829677	161.327458	297.184743	297.724522	15.147377	2.158070	0.976976	2.273314	2.267939	0.191769
15:41:36 	296.764393	160.155093	297.118576	297.655071	15.047858	2.157473	0.966825	2.272716	2.267342	0.190574
15:41:38 	296.764393	157.741400	297.184743	297.655071	15.197137	2.157473	0.945926	2.273314	2.267342	0.192366
15:41:40 	296.829677	150.776173	297.317076	297.724522	15.047858	2.158070	0.885617	2.274508	2.267939	0.190574
15:41:43 	296.699108	143.604058	297.317076	297.655071	15.097618	2.156876	0.823517	2.274508	2.267342	0.191171
15:41:45 	296.699108	136.707793	297.317076	297.793974	15.097618	2.156876	0.763805	2.274508	2.268537	0.191171
15:41:47 	296.699108	127.466798	297.317076	297.724522	15.047858	2.156876	0.683792	2.274508	2.267939	0.190574
15:41:49 	296.699108	120.846384	297.052409	297.724522	15.147377	2.156876	0.626469	2.272119	2.267939	0.191769
15:41:51 	296.764393	118.984392	297.184743	297.655071	15.097618	2.157473	0.610347	2.273314	2.267342	0.191171
15:41:54 	296.894962	113.881157	297.250910	297.655071	15.097618	2.158667	0.566160	2.273911	2.267342	0.191171
15:41:56 	296.829677	109.191697	297.184743	297.724522	15.147377	2.158070	0.525556	2.273314	2.267939	0.191769
15:41:58 	296.829677	104.295349	297.250910	297.655071	15.246897	2.158070	0.483161	2.273911	2.267342	0.192963
15:42:00 	296.699108	92.295848	297.250910	297.655071	15.097618	2.156876	0.379263	2.273911	2.267342	0.191171
15:42:02 	296.699108	59.607553	297.250910	297.724522	15.047858	2.156876	0.096230	2.273911	2.267939	0.190574
15:42:05 	296.829677	58.986889	297.184743	297.724522	15.047858	2.158070	0.090856	2.273314	2.267939	0.190574
15:42:07 	296.829677	58.780001	297.250910	297.655071	15.097618	2.158070	0.089065	2.273911	2.267342	0.191171
15:42:09 	296.829677	59.124814	297.250910	297.655071	15.097618	2.158070	0.092050	2.273911	2.267342	0.191171
15:42:11 	296.764393	58.986889	297.250910	297.585619	15.047858	2.157473	0.090856	2.273911	2.266745	0.190574
15:42:14 	296.764393	59.124814	297.317076	297.655071	15.047858	2.157473	0.092050	2.274508	2.267342	0.190574
15:42:16 	296.764393	59.607553	297.184743	297.655071	15.047858	2.157473	0.096230	2.273314	2.267342	0.190574
15:42:18 	296.764393	59.814441	297.317076	297.655071	15.097618	2.157473	0.098021	2.274508	2.267342	0.191171
15:42:20 	296.633823	60.021329	297.250910	297.585619	15.047858	2.156279	0.099813	2.273911	2.266745	0.190574
15:42:22 	296.764393	60.090292	297.250910	297.724522	14.998099	2.157473	0.100410	2.273911	2.267939	0.189977
15:42:25 	296.764393	60.297179	297.250910	297.724522	14.998099	2.157473	0.102201	2.273911	2.267939	0.189977
15:42:27 	296.699108	60.297179	297.250910	297.585619	15.147377	2.156876	0.102201	2.273911	2.266745	0.191769
15:42:29 	296.764393	60.366142	297.184743	297.724522	15.097618	2.157473	0.102798	2.273314	2.267939	0.191171
15:42:31 	296.699108	60.504067	297.184743	297.724522	15.147377	2.156876	0.103993	2.273314	2.267939	0.191769
15:42:33 	296.764393	60.641993	297.317076	297.793974	15.047858	2.157473	0.105187	2.274508	2.268537	0.190574
15:42:36 	296.764393	60.710955	297.250910	297.793974	15.097618	2.157473	0.105784	2.273911	2.268537	0.191171
15:42:38 	296.699108	60.848881	297.184743	297.793974	15.047858	2.156876	0.106978	2.273314	2.268537	0.190574
15:42:40 	296.699108	60.848881	297.383243	297.585619	15.147377	2.156876	0.106978	2.275105	2.266745	0.191769
15:42:42 	296.764393	60.986806	297.250910	297.724522	15.047858	2.157473	0.108172	2.273911	2.267939	0.190574
15:42:44 	296.568539	60.986806	297.250910	297.655071	15.147377	2.155682	0.108172	2.273911	2.267342	0.191769
15:42:46 	296.699108	60.848881	297.250910	297.655071	15.047858	2.156876	0.106978	2.273911	2.267342	0.190574
15:42:49 	296.764393	60.848881	297.184743	297.655071	15.097618	2.157473	0.106978	2.273314	2.267342	0.191171
15:42:51 	296.699108	60.710955	297.250910	297.655071	15.047858	2.156876	0.105784	2.273911	2.267342	0.190574
15:42:53 	296.894962	60.917843	297.250910	297.655071	15.097618	2.158667	0.107575	2.273911	2.267342	0.191171
15:42:55 	296.633823	60.710955	297.317076	297.724522	15.147377	2.156279	0.105784	2.274508	2.267939	0.191769
15:42:57 	296.699108	60.641993	297.250910	297.724522	15.147377	2.156876	0.105187	2.273911	2.267939	0.191769
15:42:59 	296.829677	60.573030	297.317076	297.724522	15.197137	2.158070	0.104590	2.274508	2.267939	0.192366
15:43:02 	296.829677	60.504067	297.250910	297.655071	15.097618	2.158070	0.103993	2.273911	2.267342	0.191171
15:43:04 	296.699108	60.366142	297.184743	297.655071	15.097618	2.156876	0.102798	2.273314	2.267342	0.191171
15:43:06 	296.764393	60.366142	297.250910	297.724522	15.097618	2.157473	0.102798	2.273911	2.267939	0.191171
15:43:08 	296.633823	60.504067	297.317076	297.655071	15.097618	2.156279	0.103993	2.274508	2.267342	0.191171
15:43:11 	296.764393	60.366142	297.250910	297.724522	15.147377	2.157473	0.102798	2.273911	2.267939	0.191769
15:43:13 	296.699108	60.297179	297.250910	297.585619	15.147377	2.156876	0.102201	2.273911	2.266745	0.191769
15:43:15 	296.829677	60.159254	297.250910	297.724522	15.097618	2.158070	0.101007	2.273911	2.267939	0.191171
15:43:17 	296.764393	60.228217	297.250910	297.655071	15.047858	2.157473	0.101604	2.273911	2.267342	0.190574
15:43:20 	296.764393	60.159254	297.250910	297.655071	15.097618	2.157473	0.101007	2.273911	2.267342	0.191171
15:43:22 	296.699108	60.159254	297.184743	297.724522	15.097618	2.156876	0.101007	2.273314	2.267939	0.191171
15:43:24 	296.764393	60.090292	297.184743	297.655071	15.147377	2.157473	0.100410	2.273314	2.267342	0.191769
15:43:26 	296.699108	60.090292	297.250910	297.724522	15.047858	2.156876	0.100410	2.273911	2.267939	0.190574
15:43:28 	296.764393	60.090292	297.184743	297.655071	15.097618	2.157473	0.100410	2.273314	2.267342	0.191171
15:43:31 	296.764393	59.952366	297.250910	297.655071	15.097618	2.157473	0.099216	2.273911	2.267342	0.191171
15:43:33 	296.699108	59.814441	297.250910	297.724522	15.047858	2.156876	0.098021	2.273911	2.267939	0.190574
15:43:35 	296.699108	59.952366	297.184743	297.655071	15.047858	2.156876	0.099216	2.273314	2.267342	0.190574
15:43:37 	296.699108	59.952366	297.118576	297.585619	14.998099	2.156876	0.099216	2.272716	2.266745	0.189977
15:43:40 	296.699108	59.883404	297.250910	297.585619	15.097618	2.156876	0.098618	2.273911	2.266745	0.191171
15:43:42 	296.829677	59.814441	297.184743	297.655071	15.097618	2.158070	0.098021	2.273314	2.267342	0.191171
15:43:44 	296.764393	59.883404	297.317076	297.724522	15.097618	2.157473	0.098618	2.274508	2.267939	0.191171
15:43:46 	296.699108	59.745478	297.184743	297.793974	15.047858	2.156876	0.097424	2.273314	2.268537	0.190574
15:43:48 	296.829677	59.745478	297.184743	297.655071	15.047858	2.158070	0.097424	2.273314	2.267342	0.190574
15:43:51 	296.503254	60.848881	297.317076	297.793974	15.097618	2.155085	0.106978	2.274508	2.268537	0.191171
15:43:53 	296.633823	61.055769	297.184743	297.724522	15.097618	2.156279	0.108769	2.273314	2.267939	0.191171
15:43:55 	296.699108	60.779918	297.250910	297.724522	15.047858	2.156876	0.106381	2.273911	2.267939	0.190574
15:43:57 	296.764393	60.710955	297.250910	297.655071	15.097618	2.157473	0.105784	2.273911	2.267342	0.191171
15:44:00 	296.699108	60.641993	297.317076	297.655071	15.097618	2.156876	0.105187	2.274508	2.267342	0.191171
15:44:02 	296.894962	60.641993	297.184743	297.655071	15.097618	2.158667	0.105187	2.273314	2.267342	0.191171
15:44:04 	296.633823	60.573030	297.317076	297.655071	15.097618	2.156279	0.104590	2.274508	2.267342	0.191171
15:44:06 	296.764393	60.641993	297.317076	297.793974	15.147377	2.157473	0.105187	2.274508	2.268537	0.191769
15:44:08 	296.764393	60.641993	297.317076	297.724522	15.147377	2.157473	0.105187	2.274508	2.267939	0.191769
15:44:11 	296.764393	60.779918	297.317076	297.793974	15.147377	2.157473	0.106381	2.274508	2.268537	0.191769
15:44:13 	296.699108	60.779918	297.250910	297.724522	15.047858	2.156876	0.106381	2.273911	2.267939	0.190574
15:44:15 	296.764393	61.331619	297.317076	297.724522	14.998099	2.157473	0.111158	2.274508	2.267939	0.189977
15:44:17 	296.699108	65.055602	297.317076	297.793974	15.097618	2.156876	0.143402	2.274508	2.268537	0.191171
15:44:19 	296.829677	67.745145	297.383243	297.655071	15.097618	2.158070	0.166690	2.275105	2.267342	0.191171
15:44:22 	296.764393	69.331286	297.317076	297.655071	15.047858	2.157473	0.180423	2.274508	2.267342	0.190574
15:44:24 	296.764393	70.503651	297.317076	297.655071	15.047858	2.157473	0.190574	2.274508	2.267342	0.190574
15:44:26 	296.699108	71.124315	297.383243	297.793974	15.047858	2.156876	0.195948	2.275105	2.268537	0.190574
15:44:28 	296.633823	71.882904	297.383243	297.724522	15.147377	2.156279	0.202517	2.275105	2.267939	0.191769
15:44:30 	296.699108	72.503568	297.383243	297.724522	15.197137	2.156876	0.207891	2.275105	2.267939	0.192366
15:44:32 	296.633823	73.124232	297.317076	297.724522	15.047858	2.156279	0.213265	2.274508	2.267939	0.190574
15:44:35 	296.699108	73.744896	297.317076	297.724522	15.097618	2.156876	0.218639	2.274508	2.267939	0.191171
15:44:37 	296.764393	74.503485	297.317076	297.793974	15.047858	2.157473	0.225207	2.274508	2.268537	0.190574
15:44:39 	296.699108	75.055186	297.383243	297.724522	15.097618	2.156876	0.229984	2.275105	2.267939	0.191171
15:44:41 	296.633823	75.744812	297.250910	297.724522	15.147377	2.156279	0.235955	2.273911	2.267939	0.191769
15:44:43 	296.699108	76.296514	297.317076	297.724522	15.147377	2.156876	0.240732	2.274508	2.267939	0.191769
15:44:46 	296.764393	77.055103	297.317076	297.655071	15.047858	2.157473	0.247300	2.274508	2.267342	0.190574
15:44:48 	296.764393	77.606804	297.317076	297.724522	15.097618	2.157473	0.252077	2.274508	2.267939	0.191171
15:44:50 	296.699108	78.158505	297.317076	297.793974	15.097618	2.156876	0.256854	2.274508	2.268537	0.191171
15:44:52 	296.699108	78.641244	297.250910	297.655071	15.047858	2.156876	0.261034	2.273911	2.267342	0.190574
15:44:55 	296.829677	79.261908	297.250910	297.655071	14.998099	2.158070	0.266408	2.273911	2.267342	0.189977
15:44:57 	296.699108	79.675683	297.250910	297.655071	15.097618	2.156876	0.269991	2.273911	2.267342	0.191171
15:44:59 	296.699108	80.296347	297.383243	297.724522	15.097618	2.156876	0.275365	2.275105	2.267939	0.191171
15:45:01 	296.764393	80.572198	297.118576	297.655071	15.047858	2.157473	0.277753	2.272716	2.267342	0.190574
15:45:03 	296.764393	81.054936	297.317076	297.724522	15.047858	2.157473	0.281933	2.274508	2.267939	0.190574
15:45:06 	296.829677	81.744563	297.250910	297.724522	15.097618	2.158070	0.287904	2.273911	2.267939	0.191171
15:45:08 	296.894962	85.123733	297.250910	297.724522	15.147377	2.158667	0.317163	2.273911	2.267939	0.191769
15:45:10 	296.699108	89.537342	297.317076	297.585619	15.147377	2.156876	0.355378	2.274508	2.266745	0.191769
15:45:12 	296.764393	92.088960	297.383243	297.655071	15.047858	2.157473	0.377471	2.275105	2.267342	0.190574
15:45:14 	296.699108	95.743980	297.317076	297.585619	15.097618	2.156876	0.409119	2.274508	2.266745	0.191171
15:45:17 	296.699108	101.123067	297.317076	297.655071	15.197137	2.156876	0.455694	2.274508	2.267342	0.192366
15:45:19 	296.568539	105.122900	297.250910	297.724522	15.097618	2.155682	0.490326	2.273911	2.267939	0.191171
15:45:21 	296.699108	108.295182	297.317076	297.724522	15.097618	2.156876	0.517794	2.274508	2.267939	0.191171
15:45:23 	296.633823	111.053688	297.250910	297.655071	15.097618	2.156279	0.541678	2.273911	2.267342	0.191171
15:45:26 	296.699108	113.536343	297.317076	297.724522	15.097618	2.156876	0.563174	2.274508	2.267939	0.191171
15:45:28 	296.503254	115.950036	297.317076	297.655071	15.047858	2.155085	0.584073	2.274508	2.267342	0.190574
15:45:30 	296.699108	118.018915	297.317076	297.724522	15.097618	2.156876	0.601987	2.274508	2.267939	0.191171
15:45:32 	296.699108	119.605056	297.317076	297.724522	15.047858	2.156876	0.615721	2.274508	2.267939	0.190574
15:45:34 	296.633823	120.984309	297.317076	297.655071	15.097618	2.156279	0.627663	2.274508	2.267342	0.191171
15:45:37 	296.633823	122.363562	297.317076	297.724522	15.147377	2.156279	0.639605	2.274508	2.267939	0.191769
15:45:39 	296.829677	123.673852	297.383243	297.655071	15.047858	2.158070	0.650950	2.275105	2.267342	0.190574
15:45:41 	296.764393	124.777255	297.317076	297.724522	15.047858	2.157473	0.660504	2.274508	2.267939	0.190574
15:45:43 	296.764393	126.018582	297.317076	297.655071	15.047858	2.157473	0.671252	2.274508	2.267342	0.190574
15:45:46 	296.633823	127.190947	297.118576	297.724522	15.097618	2.156279	0.681403	2.272716	2.267939	0.191171
15:45:48 	296.764393	128.294350	297.184743	297.655071	15.097618	2.157473	0.690957	2.273314	2.267342	0.191171
15:45:50 	296.764393	129.328790	297.250910	297.655071	15.097618	2.157473	0.699914	2.273911	2.267342	0.191171
15:45:52 	296.633823	130.087379	297.184743	297.724522	15.097618	2.156279	0.706482	2.273314	2.267939	0.191171
15:45:55 	296.699108	131.190781	297.184743	297.724522	15.097618	2.156876	0.716036	2.273314	2.267939	0.191171
15:45:57 	296.699108	131.880408	297.317076	297.655071	15.147377	2.156876	0.722007	2.274508	2.267342	0.191769
15:45:59 	296.633823	132.638997	297.383243	297.724522	15.097618	2.156279	0.728575	2.275105	2.267939	0.191171
15:46:01 	296.764393	133.535511	297.250910	297.585619	15.147377	2.157473	0.736338	2.273911	2.266745	0.191769
15:46:03 	296.633823	134.500988	297.317076	297.724522	15.097618	2.156279	0.744698	2.274508	2.267939	0.191171
15:46:06 	296.699108	135.397503	297.250910	297.724522	14.998099	2.156876	0.752460	2.273911	2.267939	0.189977
15:46:08 	296.764393	136.225054	297.250910	297.585619	15.097618	2.157473	0.759625	2.273911	2.266745	0.191171
15:46:10 	296.699108	137.190531	297.250910	297.655071	15.047858	2.156876	0.767985	2.273911	2.267342	0.190574
15:46:13 	296.764393	138.362896	297.317076	297.585619	15.097618	2.157473	0.778136	2.274508	2.266745	0.191171
15:46:17 	296.764393	139.535261	297.250910	297.724522	15.097618	2.157473	0.788287	2.273911	2.267939	0.191171
15:46:20 	296.633823	140.638664	297.118576	297.793974	15.097618	2.156279	0.797841	2.272716	2.268537	0.191171
15:46:22 	296.633823	141.190365	297.250910	297.655071	15.097618	2.156279	0.802618	2.273911	2.267342	0.191171
15:46:24 	296.764393	142.086879	297.250910	297.793974	15.047858	2.157473	0.810380	2.273911	2.268537	0.190574
15:46:27 	296.699108	142.914431	297.184743	297.655071	15.047858	2.156876	0.817546	2.273314	2.267342	0.190574
15:46:29 	296.829677	143.673020	297.250910	297.793974	15.097618	2.158070	0.824114	2.273911	2.268537	0.191171
15:46:31 	296.829677	144.569535	297.383243	297.793974	15.147377	2.158070	0.831876	2.275105	2.268537	0.191769
15:46:34 	296.633823	145.121236	297.184743	297.585619	15.047858	2.156279	0.836653	2.273314	2.266745	0.190574
15:46:36 	296.699108	145.879825	297.184743	297.655071	15.097618	2.156876	0.843222	2.273314	2.267342	0.191171
15:46:38 	296.699108	146.293601	297.250910	297.655071	14.998099	2.156876	0.846804	2.273911	2.267342	0.189977
15:46:40 	296.633823	146.983227	297.118576	297.585619	15.047858	2.156279	0.852776	2.272716	2.266745	0.190574
15:46:42 	296.633823	147.534928	296.986242	297.585619	14.948339	2.156279	0.857552	2.271522	2.266745	0.189380
15:46:45 	296.503254	148.224555	297.052409	297.585619	14.898579	2.155085	0.863524	2.272119	2.266745	0.188783
15:46:47 	296.633823	148.776256	297.184743	297.446715	14.948339	2.156279	0.868301	2.273314	2.265551	0.189380
15:46:49 	296.568539	149.396920	297.118576	297.585619	15.047858	2.155682	0.873675	2.272716	2.266745	0.190574
15:46:51 	296.699108	150.086546	297.184743	297.585619	14.948339	2.156876	0.879646	2.273314	2.266745	0.189380
15:46:54 	296.633823	150.707210	297.118576	297.516167	14.998099	2.156279	0.885020	2.272716	2.266148	0.189977
15:46:56 	296.699108	151.189949	297.052409	297.585619	14.948339	2.156876	0.889200	2.272119	2.266745	0.189380
15:46:58 	296.503254	151.810613	297.052409	297.516167	14.948339	2.155085	0.894574	2.272119	2.266148	0.189380
15:47:00 	296.568539	152.293351	297.052409	297.516167	14.998099	2.155682	0.898753	2.272119	2.266148	0.189977
15:47:02 	296.633823	153.051940	297.184743	297.585619	14.998099	2.156279	0.905322	2.273314	2.266745	0.189977
15:47:05 	296.633823	153.810529	297.052409	297.585619	14.998099	2.156279	0.911890	2.272119	2.266745	0.189977
15:47:07 	296.437970	154.431193	297.118576	297.516167	14.898579	2.154488	0.917264	2.272716	2.266148	0.188783
15:47:09 	296.568539	154.844969	297.052409	297.516167	14.998099	2.155682	0.920847	2.272119	2.266148	0.189977
15:47:11 	296.568539	155.396670	297.052409	297.446715	14.998099	2.155682	0.925624	2.272119	2.265551	0.189977
15:47:13 	296.372685	156.086297	297.052409	297.446715	14.898579	2.153890	0.931595	2.272119	2.265551	0.188783
15:47:16 	296.633823	156.844886	297.052409	297.516167	14.948339	2.156279	0.938163	2.272119	2.266148	0.189380
15:47:18 	296.503254	157.465550	296.986242	297.446715	15.047858	2.155085	0.943537	2.271522	2.265551	0.190574
15:47:20 	296.633823	157.879326	297.052409	297.446715	14.948339	2.156279	0.947120	2.272119	2.265551	0.189380
15:47:22 	296.699108	158.706877	297.052409	297.585619	14.998099	2.156876	0.954285	2.272119	2.266745	0.189977
15:47:24 	296.437970	159.189616	297.052409	297.516167	14.948339	2.154488	0.958465	2.272119	2.266148	0.189380
15:47:27 	296.503254	159.879242	297.052409	297.516167	14.998099	2.155085	0.964436	2.272119	2.266148	0.189977
15:47:29 	296.568539	160.430944	297.118576	297.446715	14.998099	2.155682	0.969213	2.272716	2.265551	0.189977
15:47:31 	296.633823	160.982645	296.986242	297.655071	14.948339	2.156279	0.973990	2.271522	2.267342	0.189380
15:47:33 	296.699108	161.534346	297.052409	297.446715	14.848820	2.156876	0.978767	2.272119	2.265551	0.188186
15:47:36 	296.633823	162.292935	296.986242	297.516167	14.948339	2.156279	0.985335	2.271522	2.266148	0.189380
15:47:39 	296.568539	162.775674	297.118576	297.585619	14.848820	2.155682	0.989515	2.272716	2.266745	0.188186
15:47:42 	296.568539	163.534263	297.118576	297.585619	14.799060	2.155682	0.996083	2.272716	2.266745	0.187589
15:47:44 	296.568539	164.292852	297.052409	297.446715	14.998099	2.155682	1.002652	2.272119	2.265551	0.189977
15:47:47 	296.633823	164.844553	296.986242	297.585619	14.898579	2.156279	1.007428	2.271522	2.266745	0.188783
15:47:49 	296.503254	165.534179	297.118576	297.516167	15.047858	2.155085	1.013400	2.272716	2.266148	0.190574
15:47:52 	296.633823	166.154843	297.118576	297.655071	14.998099	2.156279	1.018774	2.272716	2.267342	0.189977
15:47:55 	296.568539	166.982395	297.052409	297.516167	14.998099	2.155682	1.025939	2.272119	2.266148	0.189977
15:47:58 	296.503254	167.809947	297.052409	297.516167	15.097618	2.155085	1.033104	2.272119	2.266148	0.191171
15:48:00 	296.568539	168.223723	296.986242	297.377264	14.998099	2.155682	1.036687	2.271522	2.264954	0.189977
15:48:03 	296.633823	168.913349	297.052409	297.516167	14.948339	2.156279	1.042658	2.272119	2.266148	0.189380
15:48:05 	296.568539	169.534013	296.986242	297.516167	14.998099	2.155682	1.048032	2.271522	2.266148	0.189977
15:48:08 	296.503254	170.016752	296.920075	297.446715	14.898579	2.155085	1.052212	2.270925	2.265551	0.188783
15:48:10 	296.568539	170.430527	296.986242	297.516167	14.898579	2.155682	1.055795	2.271522	2.266148	0.188783
15:48:12 	296.568539	171.120154	296.986242	297.446715	14.948339	2.155682	1.061766	2.271522	2.265551	0.189380
15:48:14 	296.568539	171.740818	297.052409	297.516167	14.898579	2.155682	1.067140	2.272119	2.266148	0.188783
15:48:17 	296.568539	172.430444	297.052409	297.377264	14.948339	2.155682	1.073111	2.272119	2.264954	0.189380
15:48:19 	296.568539	172.844220	296.920075	297.377264	14.948339	2.155682	1.076694	2.270925	2.264954	0.189380
15:48:22 	296.503254	173.602809	297.052409	297.377264	14.948339	2.155085	1.083262	2.272119	2.264954	0.189380
15:48:25 	296.568539	174.292436	297.052409	297.585619	14.948339	2.155682	1.089233	2.272119	2.266745	0.189380
15:48:27 	296.633823	174.844137	297.052409	297.446715	15.047858	2.156279	1.094010	2.272119	2.265551	0.190574
15:48:29 	296.503254	175.326875	296.986242	297.516167	14.948339	2.155085	1.098190	2.271522	2.266148	0.189380
15:48:32 	296.503254	175.947539	297.052409	297.516167	14.898579	2.155085	1.103564	2.272119	2.266148	0.188783
15:48:34 	296.437970	176.292352	297.052409	297.585619	15.047858	2.154488	1.106550	2.272119	2.266745	0.190574
15:48:36 	296.503254	176.775091	297.052409	297.377264	15.047858	2.155085	1.110729	2.272119	2.264954	0.190574
15:48:39 	296.568539	177.395755	296.920075	297.446715	14.898579	2.155682	1.116103	2.270925	2.265551	0.188783
15:48:41 	296.568539	177.809531	297.052409	297.516167	14.948339	2.155682	1.119686	2.272119	2.266148	0.189380
15:48:43 	296.503254	178.292269	296.986242	297.377264	14.998099	2.155085	1.123866	2.271522	2.264954	0.189977
15:48:45 	296.503254	178.843970	296.920075	297.516167	14.898579	2.155085	1.128643	2.270925	2.266148	0.188783
15:48:47 	296.568539	179.257746	296.986242	297.516167	14.898579	2.155682	1.132226	2.271522	2.266148	0.188783
15:48:50 	296.568539	179.533597	296.986242	297.446715	14.948339	2.155682	1.134614	2.271522	2.265551	0.189380
15:48:52 	296.568539	180.154261	296.986242	297.516167	14.998099	2.155682	1.139988	2.271522	2.266148	0.189977
15:48:54 	296.568539	180.568037	296.986242	297.516167	14.998099	2.155682	1.143571	2.271522	2.266148	0.189977
15:48:56 	296.568539	181.257663	296.986242	297.585619	14.948339	2.155682	1.149542	2.271522	2.266745	0.189380
15:48:59 	296.633823	181.671439	297.052409	297.446715	14.948339	2.156279	1.153125	2.272119	2.265551	0.189380
15:49:01 	296.568539	182.292103	296.986242	297.516167	14.948339	2.155682	1.158499	2.271522	2.266148	0.189380
15:49:03 	296.633823	182.774841	297.052409	297.516167	14.948339	2.156279	1.162679	2.272119	2.266148	0.189380
15:49:05 	296.568539	183.740318	296.986242	297.377264	14.948339	2.155682	1.171038	2.271522	2.264954	0.189380
15:49:07 	296.437970	184.981646	297.052409	297.446715	14.998099	2.154488	1.181786	2.272119	2.265551	0.189977
15:49:10 	296.503254	186.981563	297.052409	297.516167	14.948339	2.155085	1.199103	2.272119	2.266148	0.189380
15:49:12 	296.568539	189.671106	297.052409	297.446715	14.948339	2.155682	1.222390	2.272119	2.265551	0.189380
15:49:14 	296.568539	192.705463	297.052409	297.516167	14.898579	2.155682	1.248663	2.272119	2.266148	0.188783
15:49:16 	296.568539	196.567371	297.118576	297.446715	14.948339	2.155682	1.282102	2.272716	2.265551	0.189380
15:49:19 	296.568539	200.429279	297.052409	297.516167	14.998099	2.155682	1.315540	2.272119	2.266148	0.189977
15:49:21 	296.633823	204.704963	297.052409	297.516167	14.948339	2.156279	1.352561	2.272119	2.266148	0.189380
15:49:23 	296.568539	208.635834	297.052409	297.516167	15.047858	2.155682	1.386597	2.272119	2.266148	0.190574
15:49:25 	296.568539	212.773593	297.052409	297.446715	15.047858	2.155682	1.422424	2.272119	2.265551	0.190574
15:49:27 	296.633823	216.290688	296.986242	297.516167	14.948339	2.156279	1.452877	2.271522	2.266148	0.189380
15:49:30 	296.699108	219.876746	297.118576	297.516167	14.998099	2.156876	1.483927	2.272716	2.266148	0.189977
15:49:32 	296.633823	223.393841	297.052409	297.516167	14.948339	2.156279	1.514380	2.272119	2.266148	0.189380
15:49:34 	296.568539	226.773010	297.052409	297.516167	14.948339	2.155682	1.543638	2.272119	2.266148	0.189380
15:49:36 	296.568539	230.083218	297.118576	297.516167	14.948339	2.155682	1.572300	2.272716	2.266148	0.189380
15:49:39 	296.568539	233.117574	296.986242	297.446715	15.047858	2.155682	1.598573	2.271522	2.265551	0.190574
15:49:41 	296.633823	236.014005	297.118576	297.585619	14.948339	2.156279	1.623652	2.272716	2.266745	0.189380
15:49:43 	296.568539	238.772511	297.052409	297.446715	14.948339	2.155682	1.647536	2.272119	2.265551	0.189380
15:49:45 	296.568539	241.186204	297.052409	297.516167	14.998099	2.155682	1.668435	2.272119	2.266148	0.189977
15:49:47 	296.633823	243.668859	297.052409	297.446715	14.898579	2.156279	1.689932	2.272119	2.265551	0.188783
15:49:50 	296.568539	245.944626	297.118576	297.446715	14.898579	2.155682	1.709636	2.272716	2.265551	0.188783
15:49:52 	296.503254	248.013506	297.118576	297.446715	14.948339	2.155085	1.727550	2.272716	2.265551	0.189380
15:49:54 	296.633823	250.013423	297.052409	297.446715	14.998099	2.156279	1.744866	2.272119	2.265551	0.189977
15:49:56 	296.633823	251.737489	296.986242	297.516167	14.948339	2.156279	1.759794	2.271522	2.266148	0.189380
15:49:59 	296.568539	253.461555	297.052409	297.516167	14.998099	2.155682	1.774722	2.272119	2.266148	0.189977
15:50:01 	296.633823	254.978733	297.118576	297.446715	14.898579	2.156279	1.787859	2.272716	2.265551	0.188783
15:50:03 	296.568539	256.495911	296.920075	297.446715	14.848820	2.155682	1.800995	2.270925	2.265551	0.188186
15:50:05 	296.568539	257.668276	297.052409	297.516167	14.848820	2.155682	1.811146	2.272119	2.266148	0.188186
15:50:07 	296.568539	259.116492	297.118576	297.446715	14.898579	2.155682	1.823685	2.272716	2.265551	0.188783
15:50:10 	296.568539	260.357820	297.052409	297.446715	14.848820	2.155682	1.834434	2.272119	2.265551	0.188186
15:50:12 	296.568539	261.392259	297.052409	297.516167	14.998099	2.155682	1.843390	2.272119	2.266148	0.189977
15:50:14 	296.633823	262.426699	296.920075	297.377264	14.998099	2.156279	1.852347	2.270925	2.264954	0.189977
15:50:16 	296.503254	263.461139	297.118576	297.516167	14.948339	2.155085	1.861304	2.272716	2.266148	0.189380
15:50:19 	296.568539	264.357653	297.118576	297.516167	14.898579	2.155682	1.869066	2.272716	2.266148	0.188783
15:50:21 	296.699108	264.978317	296.986242	297.446715	14.898579	2.156876	1.874440	2.271522	2.265551	0.188783
15:50:23 	296.568539	266.150682	297.052409	297.377264	14.848820	2.155682	1.884591	2.272119	2.264954	0.188186
15:50:25 	296.503254	266.840309	296.920075	297.377264	14.898579	2.155085	1.890562	2.270925	2.264954	0.188783
15:50:28 	296.568539	267.598898	296.920075	297.446715	14.898579	2.155682	1.897131	2.270925	2.265551	0.188783
15:50:30 	296.568539	268.219562	296.986242	297.516167	14.898579	2.155682	1.902505	2.271522	2.266148	0.188783
15:50:32 	296.568539	269.047113	297.052409	297.516167	14.948339	2.155682	1.909670	2.272119	2.266148	0.189380
15:50:34 	296.503254	269.736740	296.986242	297.446715	15.047858	2.155085	1.915641	2.271522	2.265551	0.190574
15:50:36 	296.568539	270.288441	296.986242	297.446715	14.948339	2.155682	1.920418	2.271522	2.265551	0.189380
15:50:39 	296.568539	270.771180	297.052409	297.377264	14.948339	2.155682	1.924598	2.272119	2.264954	0.189380
15:50:41 	296.568539	271.184955	296.920075	297.516167	14.998099	2.155682	1.928181	2.270925	2.266148	0.189977
15:50:43 	296.633823	271.598731	296.986242	297.585619	14.948339	2.156279	1.931763	2.271522	2.266745	0.189380
15:50:45 	296.568539	271.943545	297.052409	297.446715	14.998099	2.155682	1.934749	2.272119	2.265551	0.189977
15:50:47 	296.699108	272.150432	296.920075	297.516167	14.898579	2.156876	1.936540	2.270925	2.266148	0.188783
15:50:50 	296.437970	272.495246	297.052409	297.446715	14.948339	2.154488	1.939526	2.272119	2.265551	0.189380
15:50:52 	296.568539	272.840059	296.986242	297.446715	14.998099	2.155682	1.942511	2.271522	2.265551	0.189977
15:50:54 	296.503254	273.322797	296.920075	297.516167	14.948339	2.155085	1.946691	2.270925	2.266148	0.189380
15:50:56 	296.437970	273.943461	297.052409	297.446715	14.898579	2.154488	1.952065	2.272119	2.265551	0.188783
15:50:59 	296.437970	274.426200	296.986242	297.446715	15.047858	2.154488	1.956245	2.271522	2.265551	0.190574
15:51:01 	296.568539	275.046864	296.986242	297.585619	14.948339	2.155682	1.961619	2.271522	2.266745	0.189380
15:51:03 	296.503254	275.460640	296.986242	297.516167	14.898579	2.155085	1.965202	2.271522	2.266148	0.188783
15:51:05 	296.568539	276.219229	296.920075	297.446715	15.097618	2.155682	1.971770	2.270925	2.265551	0.191171
15:51:07 	296.568539	276.701967	297.118576	297.446715	14.898579	2.155682	1.975950	2.272716	2.265551	0.188783
15:51:10 	296.503254	277.322631	297.118576	297.377264	14.898579	2.155085	1.981324	2.272716	2.264954	0.188783
15:51:12 	296.568539	277.736407	297.118576	297.516167	15.047858	2.155682	1.984907	2.272716	2.266148	0.190574
15:51:14 	296.568539	278.081220	296.986242	297.446715	14.948339	2.155682	1.987892	2.271522	2.265551	0.189380
15:51:16 	296.568539	278.563959	296.920075	297.377264	15.047858	2.155682	1.992072	2.270925	2.264954	0.190574
15:51:19 	296.568539	278.977735	296.986242	297.446715	14.948339	2.155682	1.995655	2.271522	2.265551	0.189380
15:51:21 	296.503254	279.184623	296.986242	297.377264	15.047858	2.155085	1.997446	2.271522	2.264954	0.190574
15:51:23 	296.633823	279.667361	297.052409	297.446715	14.998099	2.156279	2.001626	2.272119	2.265551	0.189977
15:51:25 	296.503254	279.805286	296.920075	297.446715	14.898579	2.155085	2.002820	2.270925	2.265551	0.188783
15:51:27 	296.699108	280.150100	296.920075	297.446715	14.948339	2.156876	2.005806	2.270925	2.265551	0.189380
15:51:30 	296.372685	280.356988	297.052409	297.307812	14.898579	2.153890	2.007597	2.272119	2.264357	0.188783
15:51:32 	296.568539	280.563875	296.986242	297.585619	14.848820	2.155682	2.009388	2.271522	2.266745	0.188186
15:51:34 	296.568539	280.908689	297.118576	297.516167	14.948339	2.155682	2.012374	2.272716	2.266148	0.189380
15:51:36 	296.568539	281.253502	296.986242	297.377264	14.848820	2.155682	2.015360	2.271522	2.264954	0.188186
15:51:39 	296.503254	281.460390	296.853908	297.446715	14.948339	2.155085	2.017151	2.270328	2.265551	0.189380
15:51:41 	296.372685	281.805203	296.986242	297.446715	14.998099	2.153890	2.020137	2.271522	2.265551	0.189977
15:51:43 	296.503254	282.012091	296.920075	297.377264	14.948339	2.155085	2.021928	2.270925	2.264954	0.189380
15:51:45 	296.568539	282.425867	296.986242	297.377264	14.998099	2.155682	2.025511	2.271522	2.264954	0.189977
15:51:47 	296.568539	282.563792	297.052409	297.377264	14.948339	2.155682	2.026705	2.272119	2.264954	0.189380
15:51:50 	296.568539	282.770680	297.052409	297.446715	14.848820	2.155682	2.028496	2.272119	2.265551	0.188186
15:51:52 	296.568539	283.046531	296.986242	297.377264	14.898579	2.155682	2.030885	2.271522	2.264954	0.188783
15:51:54 	296.633823	283.184456	296.986242	297.377264	14.948339	2.156279	2.032079	2.271522	2.264954	0.189380
15:51:56 	296.437970	283.322381	297.052409	297.516167	14.948339	2.154488	2.033273	2.272119	2.266148	0.189380
15:51:59 	296.568539	283.460307	296.986242	297.446715	15.047858	2.155682	2.034467	2.271522	2.265551	0.190574
15:52:01 	296.633823	283.598232	296.853908	297.446715	14.749300	2.156279	2.035662	2.270328	2.265551	0.186992
15:52:03 	296.568539	283.598232	297.118576	297.516167	14.948339	2.155682	2.035662	2.272716	2.266148	0.189380
15:52:05 	296.633823	283.805120	297.052409	297.446715	14.998099	2.156279	2.037453	2.272119	2.265551	0.189977
15:52:07 	296.568539	283.874083	296.986242	297.516167	14.998099	2.155682	2.038050	2.271522	2.266148	0.189977
15:52:09 	296.503254	283.805120	297.052409	297.516167	15.047858	2.155085	2.037453	2.272119	2.266148	0.190574
15:52:12 	296.503254	284.012008	297.052409	297.446715	14.948339	2.155085	2.039244	2.272119	2.265551	0.189380
15:52:14 	296.633823	284.080970	296.986242	297.516167	14.998099	2.156279	2.039841	2.271522	2.266148	0.189977
15:52:16 	296.568539	284.149933	296.986242	297.516167	14.848820	2.155682	2.040438	2.271522	2.266148	0.188186
15:52:18 	296.568539	284.149933	296.986242	297.446715	14.948339	2.155682	2.040438	2.271522	2.265551	0.189380
15:52:21 	296.568539	284.287858	297.052409	297.516167	14.948339	2.155682	2.041633	2.272119	2.266148	0.189380
15:52:23 	296.568539	284.287858	297.052409	297.446715	14.898579	2.155682	2.041633	2.272119	2.265551	0.188783
15:52:25 	296.568539	284.356821	296.986242	297.446715	15.047858	2.155682	2.042230	2.271522	2.265551	0.190574
15:52:27 	296.568539	284.356821	297.118576	297.585619	14.898579	2.155682	2.042230	2.272716	2.266745	0.188783
15:52:29 	296.503254	284.425784	297.052409	297.516167	14.848820	2.155085	2.042827	2.272119	2.266148	0.188186
15:52:31 	296.633823	284.494746	297.052409	297.377264	14.948339	2.156279	2.043424	2.272119	2.264954	0.189380
15:52:34 	296.633823	284.563709	297.118576	297.516167	14.998099	2.156279	2.044021	2.272716	2.266148	0.189977
15:52:36 	296.503254	284.494746	297.052409	297.516167	14.998099	2.155085	2.043424	2.272119	2.266148	0.189977
15:52:38 	296.568539	284.701634	296.986242	297.516167	14.898579	2.155682	2.045215	2.271522	2.266148	0.188783
15:52:40 	296.699108	284.770597	296.920075	297.446715	14.998099	2.156876	2.045812	2.270925	2.265551	0.189977
15:52:43 	296.503254	284.839560	296.986242	297.516167	14.948339	2.155085	2.046410	2.271522	2.266148	0.189380
15:52:45 	296.503254	284.908522	296.986242	297.377264	14.948339	2.155085	2.047007	2.271522	2.264954	0.189380
15:52:47 	296.568539	284.908522	296.986242	297.377264	14.898579	2.155682	2.047007	2.271522	2.264954	0.188783
15:52:49 	296.503254	284.908522	296.920075	297.446715	14.898579	2.155085	2.047007	2.270925	2.265551	0.188783
15:52:51 	296.568539	284.908522	296.920075	297.446715	14.948339	2.155682	2.047007	2.270925	2.265551	0.189380
15:52:54 	296.503254	284.977485	297.052409	297.585619	14.948339	2.155085	2.047604	2.272119	2.266745	0.189380
15:52:56 	296.568539	284.977485	296.986242	297.377264	14.898579	2.155682	2.047604	2.271522	2.264954	0.188783
15:52:58 	296.568539	285.115410	296.986242	297.377264	14.848820	2.155682	2.048798	2.271522	2.264954	0.188186
15:53:00 	296.568539	285.184373	296.920075	297.516167	14.848820	2.155682	2.049395	2.270925	2.266148	0.188186
15:53:03 	296.568539	285.253335	297.052409	297.446715	15.047858	2.155682	2.049992	2.272119	2.265551	0.190574
15:53:05 	296.568539	285.184373	297.052409	297.446715	14.948339	2.155682	2.049395	2.272119	2.265551	0.189380
15:53:07 	296.503254	285.253335	296.986242	297.307812	14.998099	2.155085	2.049992	2.271522	2.264357	0.189977
15:53:09 	296.633823	285.391261	297.052409	297.516167	14.898579	2.156279	2.051187	2.272119	2.266148	0.188783
15:53:11 	296.568539	285.391261	296.920075	297.446715	15.047858	2.155682	2.051187	2.270925	2.265551	0.190574
15:53:14 	296.633823	285.322298	296.920075	297.516167	14.948339	2.156279	2.050589	2.270925	2.266148	0.189380
15:53:16 	296.568539	285.460223	296.986242	297.446715	14.898579	2.155682	2.051784	2.271522	2.265551	0.188783
15:53:18 	296.503254	285.391261	296.986242	297.446715	14.948339	2.155085	2.051187	2.271522	2.265551	0.189380
15:53:20 	296.437970	285.391261	296.920075	297.377264	14.898579	2.154488	2.051187	2.270925	2.264954	0.188783
15:53:22 	296.633823	285.391261	296.920075	297.446715	14.948339	2.156279	2.051187	2.270925	2.265551	0.189380
15:53:25 	296.568539	285.529186	297.052409	297.516167	14.948339	2.155682	2.052381	2.272119	2.266148	0.189380
15:53:27 	296.503254	285.667111	296.986242	297.446715	15.047858	2.155085	2.053575	2.271522	2.265551	0.190574
15:53:29 	296.568539	285.736074	296.986242	297.516167	15.097618	2.155682	2.054172	2.271522	2.266148	0.191171
15:53:31 	296.633823	285.736074	296.986242	297.446715	14.998099	2.156279	2.054172	2.271522	2.265551	0.189977
15:53:33 	296.503254	285.736074	296.986242	297.446715	14.948339	2.155085	2.054172	2.271522	2.265551	0.189380
15:53:36 	296.568539	285.805037	296.986242	297.377264	14.948339	2.155682	2.054769	2.271522	2.264954	0.189380
15:53:38 	296.633823	285.942962	297.052409	297.446715	15.047858	2.156279	2.055963	2.272119	2.265551	0.190574
15:53:40 	296.764393	286.011925	297.052409	297.446715	14.948339	2.157473	2.056561	2.272119	2.265551	0.189380
15:53:42 	296.568539	286.218813	296.920075	297.377264	15.047858	2.155682	2.058352	2.270925	2.264954	0.190574
15:53:45 	296.568539	286.563626	297.052409	297.446715	14.898579	2.155682	2.061337	2.272119	2.265551	0.188783
15:53:47 	296.699108	286.770514	297.052409	297.516167	14.948339	2.156876	2.063129	2.272119	2.266148	0.189380
15:53:49 	296.633823	287.184290	297.118576	297.307812	15.097618	2.156279	2.066712	2.272716	2.264357	0.191171
15:53:51 	296.568539	287.460140	297.052409	297.446715	15.047858	2.155682	2.069100	2.272119	2.265551	0.190574
15:53:53 	296.633823	287.942879	296.986242	297.516167	14.948339	2.156279	2.073280	2.271522	2.266148	0.189380
15:53:56 	296.699108	288.356655	297.052409	297.446715	15.097618	2.156876	2.076862	2.272119	2.265551	0.191171
15:53:58 	296.568539	288.770430	297.118576	297.446715	14.898579	2.155682	2.080445	2.272716	2.265551	0.188783
15:54:00 	296.633823	289.184206	296.986242	297.446715	14.998099	2.156279	2.084028	2.271522	2.265551	0.189977
15:54:02 	296.633823	289.529020	297.052409	297.307812	14.998099	2.156279	2.087013	2.272119	2.264357	0.189977
15:54:04 	296.633823	289.873833	297.052409	297.516167	14.998099	2.156279	2.089999	2.272119	2.266148	0.189977
15:54:07 	296.633823	290.218646	297.052409	297.307812	15.047858	2.156279	2.092985	2.272119	2.264357	0.190574
15:54:09 	296.568539	290.701385	297.052409	297.516167	14.898579	2.155682	2.097164	2.272119	2.266148	0.188783
15:54:11 	296.764393	291.735824	297.118576	297.446715	14.998099	2.157473	2.106121	2.272716	2.265551	0.189977
15:54:13 	296.764393	291.942712	297.052409	297.516167	14.898579	2.157473	2.107913	2.272119	2.266148	0.188783
15:54:15 	296.568539	291.942712	297.052409	297.446715	14.898579	2.155682	2.107913	2.272119	2.265551	0.188783
15:54:18 	296.699108	292.287526	297.052409	297.516167	14.998099	2.156876	2.110898	2.272119	2.266148	0.189977
15:54:20 	296.699108	292.977152	297.052409	297.446715	14.948339	2.156876	2.116869	2.272119	2.265551	0.189380
15:54:22 	296.699108	293.528853	297.052409	297.516167	14.948339	2.156876	2.121646	2.272119	2.266148	0.189380
15:54:24 	296.633823	294.149517	296.986242	297.446715	14.948339	2.156279	2.127020	2.271522	2.265551	0.189380
15:54:26 	296.568539	294.839143	296.986242	297.516167	15.097618	2.155682	2.132991	2.271522	2.266148	0.191171
15:54:28 	296.699108	295.390845	297.052409	297.377264	14.998099	2.156876	2.137768	2.272119	2.264954	0.189977
15:54:31 	296.633823	295.666695	297.118576	297.516167	14.948339	2.156279	2.140157	2.272716	2.266148	0.189380
15:54:33 	296.633823	296.080471	297.118576	297.446715	15.147377	2.156279	2.143739	2.272716	2.265551	0.191769
15:54:35 	296.699108	296.632172	297.052409	297.307812	14.948339	2.156876	2.148516	2.272119	2.264357	0.189380
15:54:37 	296.764393	296.908023	297.118576	297.446715	14.998099	2.157473	2.150905	2.272716	2.265551	0.189977
15:54:40 	296.633823	296.908023	297.118576	297.516167	14.948339	2.156279	2.150905	2.272716	2.266148	0.189380
15:54:42 	296.699108	296.287359	297.184743	297.446715	14.998099	2.156876	2.145531	2.273314	2.265551	0.189977
15:54:44 	296.633823	296.149434	297.118576	297.516167	14.948339	2.156279	2.144337	2.272716	2.266148	0.189380
15:54:46 	296.568539	299.045865	297.184743	297.446715	15.097618	2.155682	2.169415	2.273314	2.265551	0.191171
15:54:48 	296.633823	299.942379	297.118576	297.377264	14.998099	2.156279	2.177178	2.272716	2.264954	0.189977
15:54:51 	296.633823	299.804454	297.184743	297.446715	14.848820	2.156279	2.175984	2.273314	2.265551	0.188186
15:54:53 	296.568539	299.597566	297.052409	297.446715	14.948339	2.155682	2.174192	2.272119	2.265551	0.189380
15:54:55 	296.699108	299.528604	297.052409	297.446715	14.948339	2.156876	2.173595	2.272119	2.265551	0.189380
15:54:57 	296.568539	299.390678	297.052409	297.446715	14.948339	2.155682	2.172401	2.272119	2.265551	0.189380
15:54:59 	296.633823	299.252753	297.118576	297.516167	14.898579	2.156279	2.171207	2.272716	2.266148	0.188783
15:55:02 	296.633823	299.183790	297.118576	297.446715	14.948339	2.156279	2.170610	2.272716	2.265551	0.189380
15:55:04 	296.633823	299.045865	297.118576	297.516167	15.047858	2.156279	2.169415	2.272716	2.266148	0.190574
15:55:06 	296.699108	299.045865	297.052409	297.377264	14.898579	2.156876	2.169415	2.272119	2.264954	0.188783
15:55:08 	296.699108	298.907940	297.052409	297.377264	14.998099	2.156876	2.168221	2.272119	2.264954	0.189977
15:55:10 	296.764393	298.838977	297.118576	297.446715	14.948339	2.157473	2.167624	2.272716	2.265551	0.189380
15:55:13 	296.764393	298.701052	297.118576	297.516167	14.948339	2.157473	2.166430	2.272716	2.266148	0.189380
15:55:15 	296.633823	298.701052	296.986242	297.446715	14.898579	2.156279	2.166430	2.271522	2.265551	0.188783
15:55:17 	296.699108	298.563126	297.052409	297.516167	14.948339	2.156876	2.165236	2.272119	2.266148	0.189380
15:55:19 	296.699108	298.563126	297.052409	297.516167	14.998099	2.156876	2.165236	2.272119	2.266148	0.189977
