Timestamp	RTD1		RTD2		RTD3		RTD4		Pressure	Voltage0	Voltage1	Voltage2	Voltage3	Voltage7
12:41:28 	297.417239	298.356238	296.986242	297.307812	50.227919	2.163444	2.163444	2.271522	2.264357	0.612735
12:41:30 	297.482524	298.494164	296.853908	297.377264	50.327439	2.164041	2.164638	2.270328	2.264954	0.613929
12:41:32 	297.417239	298.425201	296.853908	297.238360	50.227919	2.163444	2.164041	2.270328	2.263760	0.612735
12:41:34 	297.286670	298.425201	296.920075	297.238360	50.227919	2.162250	2.164041	2.270925	2.263760	0.612735
12:41:36 	297.351954	298.287276	296.920075	297.307812	50.277679	2.162847	2.162847	2.270925	2.264357	0.613332
12:41:39 	297.417239	298.356238	296.853908	297.377264	50.327439	2.163444	2.163444	2.270328	2.264954	0.613929
12:41:41 	297.417239	298.356238	296.920075	297.377264	50.327439	2.163444	2.163444	2.270925	2.264954	0.613929
12:41:43 	297.417239	298.287276	296.986242	297.377264	50.327439	2.163444	2.162847	2.271522	2.264954	0.613929
12:41:45 	297.417239	298.287276	296.853908	297.307812	50.277679	2.163444	2.162847	2.270328	2.264357	0.613332
12:41:47 	297.482524	298.287276	296.920075	297.238360	50.277679	2.164041	2.162847	2.270925	2.263760	0.613332
