30  3.82000
32  4.23481
34  4.68000
36  5.14601
38  5.65000
40  6.17000
42  6.72621
44  7.31000
46  7.90899
48  8.57000
50  9.24000
52  9.92364
54  10.66000
56  11.41000
58  12.17995
60  12.99000
65  15.01541
70  17.11000
75  19.22302
80  21.36000
85  23.52499
90  25.67000
95  27.82000
100 29.95000
105 32.08087
110 34.16000
115 36.25000
120 38.34000
125 40.42000
130 42.49000
135 44.57000
140 46.64758
145 48.69000
150 50.75000
155 52.80000
160 54.84000
165 56.88000
170 58.92000
175 60.96840
180 62.98000
185 65.00000
190 67.01000
195 69.02000
200 71.03000
205 73.03000
210 75.04385
215 77.02000
220 79.00000
225 80.98000
230 82.96000
235 84.94000
240 86.92000
245 88.90000
250 90.88000
255 92.86000
260 94.83000
265 96.80000
270 98.78433
275 100.72000
280 102.67000
285 104.62000
290 106.57000
295 108.51000
300 110.45000
305 112.39000
310 114.32000
315 116.27003
320 118.19000
325 120.11000
330 122.03000
335 123.95000
340 125.86000
345 127.78000
350 129.69000
355 131.61563
360 133.50000
365 135.40000
370 137.31000
375 139.20000
380 141.09000
