Timestamp	RTD1		RTD2		RTD3		RTD4		Pressure	Voltage0	Voltage1	Voltage2	Voltage3	Voltage7
11:25:00 	296.176831	296.908023	295.927572	296.266036	0.219487	2.152099	2.150905	2.261968	2.255400	0.012634
11:26:03 	296.307400	296.976986	295.927572	296.266036	0.169728	2.153293	2.151502	2.261968	2.255400	0.012037
11:27:07 	296.176831	296.976986	295.927572	296.335487	14.351223	2.152099	2.151502	2.261968	2.255997	0.182215
11:28:10 	296.242116	296.976986	295.861405	296.474391	27.388247	2.152696	2.151502	2.261371	2.257191	0.338659
11:29:15 	296.046262	297.045948	295.927572	296.613294	33.060846	2.150905	2.152099	2.261968	2.258386	0.406730
11:30:18 	296.307400	297.114911	295.927572	296.682746	48.884409	2.153293	2.152696	2.261968	2.258983	0.596613
11:31:21 	296.176831	297.252836	296.059906	296.752198	70.878167	2.152099	2.153890	2.263163	2.259580	0.860538
11:32:24 	296.176831	297.390761	296.059906	296.960553	84.014711	2.152099	2.155085	2.263163	2.261371	1.018177
11:33:27 	296.242116	297.390761	296.126073	297.168908	88.692116	2.152696	2.155085	2.263760	2.263163	1.074305
11:34:30 	296.307400	297.459724	296.324573	297.099457	89.836588	2.153293	2.155682	2.265551	2.262565	1.088039
11:35:34 	296.242116	297.459724	296.390740	297.099457	89.836588	2.152696	2.155682	2.266148	2.262565	1.088039
11:36:37 	296.176831	297.528687	296.390740	297.099457	89.886347	2.152099	2.156279	2.266148	2.262565	1.088636
11:37:41 	296.176831	297.528687	296.324573	297.168908	89.836588	2.152099	2.156279	2.265551	2.263163	1.088039
11:38:44 	296.242116	297.459724	296.324573	297.168908	89.836588	2.152696	2.155682	2.265551	2.263163	1.088039
11:39:47 	296.176831	297.528687	296.456907	297.238360	89.687309	2.152099	2.156279	2.266745	2.263760	1.086248
11:40:50 	296.242116	297.459724	296.390740	297.030005	89.886347	2.152696	2.155682	2.266148	2.261968	1.088636
11:41:54 	296.307400	297.459724	296.258407	295.988229	89.737069	2.153293	2.155682	2.264954	2.253012	1.086845
11:42:58 	296.307400	297.390761	296.126073	294.043580	89.538030	2.153293	2.155085	2.263760	2.236292	1.084456
11:44:02 	296.242116	297.321799	295.861405	293.210159	89.438511	2.152696	2.154488	2.261371	2.229127	1.083262
11:45:07 	296.242116	297.459724	295.729072	293.487966	89.438511	2.152696	2.155682	2.260177	2.231515	1.083262
11:46:10 	296.307400	297.390761	295.464404	293.487966	89.488270	2.153293	2.155085	2.257789	2.231515	1.083859
11:47:13 	296.176831	297.252836	295.265904	293.696321	89.338991	2.152099	2.153890	2.255997	2.233307	1.082068
11:48:16 	296.176831	297.045948	295.265904	293.001804	89.338991	2.152099	2.152099	2.255997	2.227336	1.082068
11:49:20 	295.980977	296.908023	294.868902	290.432089	89.090193	2.150308	2.150905	2.252414	2.205242	1.079082
11:50:23 	295.915692	296.770098	294.405734	288.140182	88.692116	2.149711	2.149711	2.248235	2.185538	1.074305
11:51:27 	296.046262	296.494247	293.810233	286.542792	88.493078	2.150905	2.147322	2.242861	2.171804	1.071917
11:52:30 	295.980977	296.149434	293.280898	286.403888	88.343799	2.150308	2.144337	2.238084	2.170610	1.070126
11:53:34 	295.980977	295.942546	292.751563	286.542792	88.244280	2.150308	2.142545	2.233307	2.171804	1.068931
11:54:37 	295.850408	295.666695	292.156061	285.639919	87.995481	2.149113	2.140157	2.227933	2.164041	1.065946
11:55:41 	295.654554	295.183957	291.494392	284.528691	87.846202	2.147322	2.135977	2.221962	2.154488	1.064154
11:56:46 	295.654554	294.977069	291.163558	283.348011	87.696924	2.147322	2.134186	2.218976	2.144337	1.062363
11:57:50 	295.589269	294.494330	290.303389	281.889525	87.398366	2.146725	2.130006	2.211214	2.131797	1.058780
11:58:53 	295.262846	293.873666	289.509386	280.361586	87.199327	2.143739	2.124632	2.204048	2.118661	1.056392
11:59:57 	295.262846	293.115077	288.715384	278.833648	86.801250	2.143739	2.118063	2.196883	2.105524	1.051615
12:01:04 	295.001707	292.632339	287.789048	277.305710	86.452933	2.141351	2.113884	2.188523	2.092388	1.047435
12:02:08 	295.066992	292.080638	286.928879	275.777771	86.303654	2.141948	2.109107	2.180761	2.079251	1.045644
12:03:13 	294.936423	291.322048	285.936376	274.597092	86.104615	2.140754	2.102538	2.171804	2.069100	1.043255
12:04:17 	294.740569	290.632422	285.076207	273.208057	85.756298	2.138963	2.096567	2.164041	2.057158	1.039076
12:05:21 	294.479430	289.942796	284.149870	272.096829	85.507500	2.136574	2.090596	2.155682	2.047604	1.036090
12:06:24 	294.414146	289.184206	283.157367	271.055053	85.308461	2.135977	2.084028	2.146725	2.038647	1.033702
12:07:27 	294.022438	288.218729	282.297198	269.943825	84.960144	2.132394	2.075668	2.138963	2.029093	1.029522
12:08:30 	293.957153	287.460140	281.569363	268.971500	84.761105	2.131797	2.069100	2.132394	2.020734	1.027133
12:09:34 	293.761299	286.701551	280.643027	267.999176	84.562067	2.130006	2.062532	2.124035	2.012374	1.024745
12:10:37 	293.434876	285.736074	279.716690	267.651917	84.363028	2.127020	2.054172	2.115675	2.009388	1.022356
12:11:40 	293.434876	284.908522	279.121189	267.929724	84.313268	2.127020	2.047007	2.110301	2.011777	1.021759
12:12:46 	292.782030	284.080970	278.393353	268.276983	83.964951	2.121049	2.039841	2.103733	2.014762	1.017579
12:13:49 	292.651460	283.322381	277.864018	268.624242	83.964951	2.119855	2.033273	2.098956	2.017748	1.017579
12:14:52 	292.325037	282.425867	277.268516	268.138079	83.865432	2.116869	2.025511	2.093582	2.013568	1.016385
12:15:55 	291.998614	281.874166	276.606848	266.887948	83.616634	2.113884	2.020734	2.087611	2.002820	1.013400
12:16:59 	291.802760	281.184539	275.945179	265.429461	83.218556	2.112092	2.014762	2.081639	1.990281	1.008623
12:18:03 	291.411052	280.425950	274.886509	263.484812	82.820479	2.108510	2.008194	2.072086	1.973561	1.003846
12:19:06 	291.084629	279.736324	273.960173	261.609615	82.422402	2.105524	2.002223	2.063726	1.957439	0.999069
12:20:11 	290.692921	278.908772	272.901503	259.526063	82.173604	2.101941	1.995058	2.054172	1.939526	0.996083
12:21:16 	290.692921	278.150183	271.644333	257.373059	81.725767	2.101941	1.988489	2.042827	1.921015	0.990709
12:22:19 	290.301213	277.253668	270.585663	255.428410	81.377450	2.098359	1.980727	2.033273	1.904296	0.986529
12:23:23 	289.909506	276.357154	269.328493	253.414310	80.929613	2.094776	1.972964	2.021928	1.886980	0.981155
12:24:27 	289.517798	275.322714	268.203656	251.608564	80.581296	2.091193	1.964008	2.011777	1.871455	0.976976
12:25:30 	289.387228	274.357237	266.946486	249.733367	80.282738	2.089999	1.955648	2.000432	1.855333	0.973393
12:26:33 	288.864951	273.322797	265.821649	247.858170	79.884661	2.085222	1.946691	1.990281	1.839210	0.968616
12:27:37 	288.734382	272.219395	264.762979	246.538587	79.536344	2.084028	1.937137	1.980727	1.827865	0.964436
12:28:40 	288.277390	271.184955	263.571976	244.941197	79.237786	2.079848	1.928181	1.969979	1.814132	0.960853
12:29:43 	287.820397	270.012590	262.380972	243.552162	78.789949	2.075668	1.918030	1.959231	1.802189	0.955479
12:30:46 	287.428689	268.771263	261.189968	242.440934	78.541151	2.072086	1.907282	1.948483	1.792635	0.952494
12:31:49 	287.036981	267.874748	260.197465	241.121351	78.192833	2.068503	1.899519	1.939526	1.781290	0.948314
12:32:53 	286.579989	266.702383	259.006462	239.801768	77.844516	2.064323	1.889368	1.928778	1.769945	0.944134
12:34:00 	286.318850	265.461056	257.815458	238.829443	77.545958	2.061935	1.878620	1.918030	1.761585	0.940551
12:35:04 	285.992427	264.357653	256.889122	237.579312	77.197641	2.058949	1.869066	1.909670	1.750837	0.936372
12:36:07 	285.535435	263.254251	255.698119	236.398632	76.899083	2.054769	1.859512	1.898922	1.740686	0.932789
12:37:14 	285.078442	262.219811	254.771783	235.148501	76.501006	2.050589	1.850556	1.890562	1.729938	0.928012
12:38:17 	284.556165	261.047446	253.713113	233.967821	76.202448	2.045812	1.840405	1.881009	1.719787	0.924429
12:39:20 	284.164457	260.150932	252.786777	232.926045	75.903890	2.042230	1.832642	1.872649	1.710831	0.920847
12:40:23 	283.642180	258.978567	251.728107	231.745365	75.555573	2.037453	1.822491	1.863095	1.700680	0.916667
12:41:27 	283.315757	257.944127	250.735604	230.703589	75.356534	2.034467	1.813535	1.854138	1.691723	0.914278
12:42:30 	282.924049	256.978650	249.809268	229.453458	75.107736	2.030885	1.805175	1.845779	1.680975	0.911293
12:43:35 	282.467057	255.806285	248.816765	228.481133	74.858938	2.026705	1.795024	1.836822	1.672615	0.908307
12:44:38 	282.075349	254.771845	247.956596	227.369905	74.411101	2.023122	1.786067	1.829060	1.663061	0.902933
12:45:42 	281.553072	253.806368	246.964093	226.258678	74.162303	2.018345	1.777708	1.820103	1.653508	0.899948
12:46:45 	281.226648	252.840891	246.037756	225.286353	73.863745	2.015360	1.769348	1.811743	1.645148	0.896365
12:47:48 	280.704371	251.806451	245.111420	224.383480	73.664707	2.010583	1.760391	1.803384	1.637385	0.893976
12:48:52 	280.377948	250.909937	244.251251	223.133349	73.465668	2.007597	1.752629	1.795621	1.626637	0.891588
12:49:55 	279.920956	249.875497	243.258748	222.230476	73.067591	2.003417	1.743672	1.786664	1.618875	0.886811
12:50:58 	279.463963	248.841058	242.332412	221.188700	72.769033	1.999237	1.734715	1.778305	1.609918	0.883228
12:52:01 	279.006971	248.013506	241.472243	220.216376	72.470476	1.995058	1.727550	1.770542	1.601558	0.879646
12:53:06 	278.680548	247.048029	240.545907	219.382955	72.171918	1.992072	1.719190	1.762183	1.594393	0.876063
12:54:09 	278.158270	246.013589	239.751904	218.341179	71.972879	1.987295	1.710234	1.755017	1.585436	0.873675
12:55:12 	277.831847	245.048112	238.957902	217.438306	71.773841	1.984310	1.701874	1.747852	1.577674	0.871286
12:56:16 	277.440139	244.289523	238.097733	216.535433	71.425523	1.980727	1.695306	1.740089	1.569911	0.867106
12:57:19 	276.983147	243.393008	237.303730	215.632561	71.226485	1.976547	1.687543	1.732924	1.562149	0.864718
12:58:22 	276.656724	242.565457	236.377394	214.799140	70.927927	1.973561	1.680378	1.724564	1.554983	0.861135
12:59:25 	276.069162	241.531017	235.583392	214.035171	70.778648	1.968187	1.671421	1.717399	1.548415	0.859344
13:00:29 	275.742739	240.565540	234.789390	212.854491	70.430331	1.965202	1.663061	1.710234	1.538264	0.855164
13:01:32 	275.351031	239.875913	234.061554	212.229425	70.181532	1.961619	1.657090	1.703665	1.532890	0.852178
13:02:35 	275.024608	238.979399	233.333718	211.673811	69.932734	1.958634	1.649328	1.697097	1.528113	0.849193
13:03:38 	274.502331	238.151847	232.473549	210.979294	69.733696	1.953857	1.642162	1.689334	1.522142	0.846804
13:04:42 	274.045338	237.255333	231.481046	210.284776	69.534657	1.949677	1.634400	1.680378	1.516171	0.844416
13:05:45 	273.653630	236.427781	230.951711	209.590259	69.285859	1.946094	1.627234	1.675601	1.510200	0.841430
13:06:48 	273.392492	235.462304	230.157709	208.895741	69.037061	1.943706	1.618875	1.668435	1.504229	0.838445
13:07:56 	272.870215	234.841640	229.496040	208.409579	68.887782	1.938929	1.613501	1.662464	1.500049	0.836653
13:09:01 	272.478507	233.876163	228.635871	208.062321	68.589224	1.935346	1.605141	1.654702	1.497063	0.833071
13:10:05 	272.086799	233.117574	227.908036	207.506707	68.390186	1.931763	1.598573	1.648133	1.492286	0.830682
13:11:08 	271.760376	232.427948	227.180200	207.228900	68.240907	1.928778	1.592602	1.641565	1.489898	0.828891
13:12:12 	271.368668	231.600396	226.584698	207.367803	68.141387	1.925195	1.585436	1.636191	1.491092	0.827697
13:13:15 	270.911675	230.772844	225.923030	207.923417	67.992109	1.921015	1.578271	1.630220	1.495869	0.825905
13:14:18 	270.585252	229.945292	225.658362	208.756838	67.992109	1.918030	1.571106	1.627832	1.503034	0.825905
13:15:22 	270.128260	229.324628	225.195194	209.104097	67.892589	1.913850	1.565732	1.623652	1.506020	0.824711
13:16:26 	269.736552	228.703965	224.599692	208.756838	67.643791	1.910267	1.560357	1.618278	1.503034	0.821725
13:17:29 	269.475413	227.945375	224.004191	207.923417	67.345233	1.907879	1.553789	1.612904	1.495869	0.818143
13:18:33 	269.083706	227.462637	223.276355	207.020544	67.146195	1.904296	1.549609	1.606335	1.488107	0.815754
13:19:41 	268.626713	226.841973	222.482353	205.562058	66.996916	1.900116	1.544235	1.599170	1.475567	0.813963
13:20:46 	268.235005	226.014421	221.688350	204.520282	66.698358	1.896534	1.537070	1.592005	1.466610	0.810380
13:21:51 	267.908582	225.462720	220.894348	204.103571	66.499320	1.893548	1.532293	1.584839	1.463028	0.807992
13:22:54 	267.582159	224.911019	220.431180	204.103571	66.399800	1.890562	1.527516	1.580659	1.463028	0.806798
13:23:57 	267.255736	224.359318	220.034179	204.520282	66.350041	1.887577	1.522739	1.577077	1.466610	0.806200
13:25:00 	266.733458	223.600729	219.769511	204.936992	66.300281	1.882800	1.516171	1.574688	1.470193	0.805603
13:26:04 	266.341751	222.980065	219.306343	204.311926	66.151002	1.879217	1.510797	1.570508	1.464819	0.803812
13:27:08 	266.015327	222.566289	218.843175	203.547957	65.902204	1.876232	1.507214	1.566329	1.458251	0.800826
13:28:11 	265.688904	221.876662	218.181507	202.158922	65.703165	1.873246	1.501243	1.560357	1.446308	0.798438
13:29:17 	265.297196	221.324961	217.387504	200.283725	65.354848	1.869663	1.496466	1.553192	1.430186	0.794258
13:30:20 	265.036058	220.635335	216.659669	198.755787	65.155809	1.867275	1.490495	1.546624	1.417050	0.791870
13:31:23 	264.579065	220.290522	215.799499	197.019493	64.807492	1.863095	1.487509	1.538861	1.402122	0.787690
13:32:27 	264.252642	219.531932	215.005497	195.630458	64.608453	1.860110	1.480941	1.531696	1.390180	0.785301
13:33:32 	263.926219	218.773343	214.079161	194.866489	64.359655	1.857124	1.474373	1.523336	1.383611	0.782316
13:34:35 	263.730365	217.945792	213.483659	194.935941	64.309896	1.855333	1.467207	1.517962	1.384208	0.781719
13:35:47 	263.208088	217.325128	213.020491	195.561007	64.160617	1.850556	1.461833	1.513782	1.389582	0.779927
13:36:51 	262.816380	216.773427	212.623490	196.255524	64.110857	1.846973	1.457056	1.510200	1.395554	0.779330
13:37:56 	262.620526	216.014837	212.358822	197.019493	63.961578	1.845182	1.450488	1.507811	1.402122	0.777539
13:39:01 	262.163534	215.463136	212.094155	197.088945	63.961578	1.841002	1.445711	1.505423	1.402719	0.777539
13:40:06 	261.902395	214.842472	211.564820	196.186072	63.762540	1.838613	1.440337	1.500646	1.394956	0.775150
13:41:11 	261.510687	214.221809	210.770818	194.519230	63.513741	1.835031	1.434963	1.493481	1.380626	0.772165
13:42:15 	261.184264	213.463219	210.175316	192.852389	63.165424	1.832045	1.428395	1.488107	1.366295	0.767985
13:43:18 	260.857841	213.049444	209.182813	191.046643	62.966386	1.829060	1.424812	1.479150	1.350770	0.765597
13:44:22 	260.596702	212.428780	208.388811	189.657608	62.767347	1.826671	1.419438	1.471984	1.338828	0.763208
13:45:25 	260.204995	211.808116	207.528641	188.199122	62.319510	1.823088	1.414064	1.464222	1.326288	0.757834
13:46:28 	260.009141	211.049527	206.734639	186.671183	62.170231	1.821297	1.407496	1.457056	1.313152	0.756043
13:47:32 	259.617433	210.428863	206.006803	185.421052	61.821914	1.817714	1.402122	1.450488	1.302404	0.751863
13:48:36 	259.356294	209.601311	204.948134	184.309824	61.672635	1.815326	1.394956	1.440934	1.292850	0.750072
13:49:39 	258.899302	208.842722	204.220298	183.823662	61.324318	1.811146	1.388388	1.434366	1.288670	0.745892
13:50:42 	258.507594	208.015170	203.426296	184.032017	61.224798	1.807563	1.381223	1.427201	1.290461	0.744698
13:51:46 	258.181171	207.463469	202.963128	184.309824	61.075519	1.804578	1.376446	1.423021	1.292850	0.742906
13:52:50 	257.789463	206.360067	202.367626	318.490594	60.776962	1.800995	1.366892	1.417647	2.446477	0.739324
13:53:53 	257.397755	205.808366	201.573624	318.490594	60.577923	1.797412	1.362115	1.410481	2.446477	0.736935
13:54:56 	257.136616	204.911851	200.845788	318.490594	60.378885	1.795024	1.354353	1.403913	2.446477	0.734547
13:55:59 	256.679624	204.153262	199.985619	318.490594	59.980807	1.790844	1.347784	1.396151	2.446477	0.729770
13:57:02 	256.418485	203.532598	199.059283	318.490594	59.732009	1.788456	1.342410	1.387791	2.446477	0.726784
13:58:06 	256.092062	202.636084	197.934446	318.490594	59.483211	1.785470	1.334648	1.377640	2.446477	0.723799
13:59:09 	255.765639	202.015420	197.008110	318.490594	59.234413	1.782485	1.329274	1.369281	2.446477	0.720813
14:00:12 	255.373931	201.118906	196.081774	318.490594	58.687057	1.778902	1.321511	1.360921	2.446477	0.714245
14:01:16 	255.047508	200.291354	195.089271	318.490594	58.488018	1.775916	1.314346	1.351964	2.446477	0.711856
14:02:19 	254.590516	199.256914	194.030601	318.490594	58.189461	1.771736	1.305389	1.342410	2.446477	0.708274
14:03:22 	328.362158	331.044533	316.373133	318.490594	57.691864	2.446477	2.446477	2.446477	2.446477	0.702302
14:04:25 	253.872384	197.463885	191.979428	318.490594	57.542585	1.765168	1.289864	1.323900	2.446477	0.700511
14:05:29 	253.545961	196.705296	190.986925	318.490594	57.293787	1.762183	1.283296	1.314943	2.446477	0.697525
14:06:32 	253.154253	195.601894	189.994422	318.490594	57.044989	1.758600	1.273742	1.305986	2.446477	0.694540
14:07:35 	328.362158	331.044533	316.373133	318.490594	56.497633	2.446477	2.446477	2.446477	2.446477	0.687972
14:08:39 	252.370838	193.739902	188.141750	318.490594	56.447873	1.751434	1.257620	1.289267	2.446477	0.687374
14:09:42 	251.913845	192.636500	186.950747	318.490594	56.049796	1.747255	1.248066	1.278519	2.446477	0.682598
14:10:51 	251.652707	191.533098	185.958244	318.490594	55.850758	1.744866	1.238512	1.269562	2.446477	0.680209
14:11:57 	251.260999	190.636583	184.965741	318.490594	55.452681	1.741284	1.230750	1.260605	2.446477	0.675432
14:13:00 	250.738722	189.602143	183.907071	318.490594	55.253642	1.736507	1.221793	1.251052	2.446477	0.673044
14:14:03 	250.347014	188.705629	183.113068	318.490594	55.104363	1.732924	1.214030	1.243886	2.446477	0.671252
14:15:06 	249.955306	187.740152	182.517567	318.490594	54.905325	1.729341	1.205671	1.238512	2.446477	0.668864
14:16:10 	249.563598	186.705712	181.723564	318.490594	54.557007	1.725759	1.196714	1.231347	2.446477	0.664684
14:17:13 	249.041321	185.809198	180.863395	318.490594	54.308209	1.720982	1.188952	1.223584	2.446477	0.661699
14:18:16 	248.714898	184.843721	180.069393	318.490594	54.009651	1.717996	1.180592	1.216419	2.446477	0.658116
14:19:21 	248.323190	183.947206	179.076890	318.490594	53.711094	1.714413	1.172829	1.207462	2.446477	0.654533
14:20:24 	247.996767	182.981729	178.084387	318.490594	53.512055	1.711428	1.164470	1.198505	2.446477	0.652145
14:21:28 	247.409205	182.223140	177.025717	318.490594	53.064218	1.706054	1.157902	1.188952	2.446477	0.646771
14:22:32 	247.148067	181.188700	176.231714	318.490594	52.865180	1.703665	1.148945	1.181786	2.446477	0.644382
14:23:36 	246.560505	180.154261	175.173045	318.490594	52.616382	1.698291	1.139988	1.172232	2.446477	0.641397
14:24:41 	246.299366	179.188784	174.180542	318.490594	52.268064	1.695903	1.131628	1.163276	2.446477	0.637217
14:25:45 	245.907658	178.361232	173.386539	318.490594	52.019266	1.692320	1.124463	1.156110	2.446477	0.634231
14:26:48 	245.450666	177.395755	172.327869	318.490594	51.621189	1.688140	1.116103	1.146556	2.446477	0.629454
14:27:51 	245.058958	176.292352	171.600034	318.490594	51.422150	1.684558	1.106550	1.139988	2.446477	0.627066
14:28:54 	244.601966	175.395838	170.607531	318.490594	51.173352	1.680378	1.098787	1.131031	2.446477	0.624080
14:29:58 	244.275542	174.499324	169.548861	318.490594	50.825035	1.677392	1.091025	1.121478	2.446477	0.619900
14:31:01 	243.818550	173.395921	168.887193	318.490594	50.576237	1.673212	1.081471	1.115506	2.446477	0.616915
14:32:04 	243.426842	172.637332	167.894690	318.490594	50.377198	1.669630	1.074903	1.106550	2.446477	0.614526
14:33:08 	242.969850	171.533930	166.968353	318.490594	50.028881	1.665450	1.065349	1.098190	2.446477	0.610347
14:34:11 	242.578142	170.637415	166.108184	318.490594	49.730323	1.661867	1.057586	1.090428	2.446477	0.606764
14:35:15 	242.121149	169.602976	165.049514	318.490594	49.332246	1.657687	1.048629	1.080874	2.446477	0.601987
14:36:23 	241.729442	168.637499	163.726177	318.490594	48.884409	1.654105	1.040270	1.068931	2.446477	0.596613
14:37:29 	241.272449	167.465134	162.667507	318.490594	48.536092	1.649925	1.030119	1.059378	2.446477	0.592433
14:38:32 	240.946026	166.499657	161.741171	318.490594	48.187774	1.646939	1.021759	1.051018	2.446477	0.588253
14:39:36 	240.423749	165.465217	160.484001	318.490594	47.789697	1.642162	1.012802	1.039673	2.446477	0.583476
14:40:42 	240.032041	164.292852	159.425331	318.490594	47.441380	1.638580	1.002652	1.030119	2.446477	0.579297
14:41:56 	239.575048	163.051524	158.168160	318.490594	47.043303	1.634400	0.991903	1.018774	2.446477	0.574520
14:43:05 	239.118056	161.948122	156.844823	318.490594	46.595466	1.630220	0.982350	1.006831	2.446477	0.569146
14:44:09 	238.595779	160.775757	155.653820	318.490594	46.097870	1.625443	0.972199	0.996083	2.446477	0.563174
14:45:13 	238.269356	159.603392	154.528983	318.490594	45.600273	1.622458	0.962048	0.985932	2.446477	0.557203
14:46:16 	237.877648	158.499989	153.271813	318.490594	45.052917	1.618875	0.952494	0.974587	2.446477	0.550635
14:47:20 	237.355371	157.189699	151.749975	318.490594	44.605081	1.614098	0.941149	0.960853	2.446477	0.545261
14:48:24 	236.767809	155.879409	150.294304	318.490594	44.007965	1.608724	0.929803	0.947717	2.446477	0.538096
14:49:27 	236.506670	154.500156	148.838633	318.490594	43.510369	1.606335	0.917861	0.934580	2.446477	0.532124
14:50:30 	236.049678	153.258828	147.382962	318.490594	43.062532	1.602156	0.907113	0.921444	2.446477	0.526750
14:51:33 	235.723255	151.810613	146.125791	318.490594	42.614695	1.599170	0.894574	0.910099	2.446477	0.521376
14:52:38 	235.266262	150.293434	145.000954	318.490594	42.216618	1.594990	0.881437	0.899948	2.446477	0.516599
14:53:41 	234.678700	148.707294	143.809951	318.490594	41.818541	1.589616	0.867703	0.889200	2.446477	0.511822
14:54:45 	234.221708	147.328041	142.751281	318.490594	41.619503	1.585436	0.855761	0.879646	2.446477	0.509434
14:55:49 	233.634146	145.810862	141.758778	318.490594	41.221426	1.580062	0.842625	0.870689	2.446477	0.504657
14:56:55 	233.242438	144.431609	140.700108	318.490594	40.972627	1.576480	0.830682	0.861135	2.446477	0.501672
14:58:04 	232.785446	142.845468	139.773772	318.490594	40.524791	1.572300	0.816949	0.852776	2.446477	0.496297
14:59:09 	232.263169	141.673103	138.781269	318.490594	40.325752	1.567523	0.806798	0.843819	2.446477	0.493909
15:00:13 	231.806176	140.362813	137.987267	318.490594	40.027194	1.563343	0.795452	0.836653	2.446477	0.490326
15:01:16 	231.414468	139.121486	137.060931	318.490594	39.728637	1.559760	0.784704	0.828294	2.446477	0.486744
15:02:26 	230.826907	137.949120	136.266928	318.490594	39.579358	1.554386	0.774553	0.821128	2.446477	0.484952
15:03:30 	230.435199	136.776755	135.274425	318.490594	39.280800	1.550804	0.764402	0.812172	2.446477	0.481370
15:04:34 	229.782352	135.742316	134.414256	318.490594	38.932482	1.544832	0.755446	0.804409	2.446477	0.477190
15:05:37 	229.521214	134.707876	133.620254	318.490594	38.733444	1.542444	0.746489	0.797244	2.446477	0.474801
15:06:41 	228.933652	133.673436	132.892418	318.490594	38.385126	1.537070	0.737532	0.790675	2.446477	0.470622
15:07:53 	228.476660	132.294183	131.833748	318.490594	38.136328	1.532890	0.725590	0.781122	2.446477	0.467636
15:08:57 	227.954383	131.466632	131.105913	318.490594	37.987049	1.528113	0.718424	0.774553	2.446477	0.465845
15:10:00 	227.758529	130.639080	130.444244	318.490594	37.788011	1.526322	0.711259	0.768582	2.446477	0.463456
15:11:09 	227.236252	129.604640	129.650242	318.490594	37.489453	1.521545	0.702302	0.761417	2.446477	0.459873
15:12:12 	226.713974	128.708126	128.922406	318.490594	37.290414	1.516768	0.694540	0.754849	2.446477	0.457485
15:13:16 	226.322267	127.880574	128.326905	318.490594	37.091376	1.513185	0.687374	0.749475	2.446477	0.455097
15:14:20 	225.865274	127.121985	127.599069	318.490594	36.842578	1.509006	0.680806	0.742906	2.446477	0.452111
15:15:23 	225.538851	126.225470	127.135901	318.490594	36.693299	1.506020	0.673044	0.738726	2.446477	0.450320
15:16:27 	225.277712	125.397919	126.606566	318.490594	36.494260	1.503632	0.665878	0.733949	2.446477	0.447931
15:17:31 	224.886005	124.708292	126.011064	318.490594	36.245462	1.500049	0.659907	0.728575	2.446477	0.444946
15:18:36 	224.233158	124.018666	125.283229	318.490594	36.096183	1.494078	0.653936	0.722007	2.446477	0.443154
15:19:41 	223.841450	123.191114	124.753894	318.490594	35.897145	1.490495	0.646771	0.717230	2.446477	0.440766
15:20:49 	223.449742	122.432525	124.158392	318.490594	35.747866	1.486912	0.640202	0.711856	2.446477	0.438974
15:21:56 	223.188604	121.742898	123.629057	318.490594	35.548827	1.484524	0.634231	0.707079	2.446477	0.436586
15:23:03 	222.862181	120.984309	123.033555	318.490594	35.300029	1.481538	0.627663	0.701705	2.446477	0.433600
15:24:09 	222.405188	120.363645	122.438054	318.490594	35.200510	1.477358	0.622289	0.696331	2.446477	0.432406
15:25:14 	222.078765	119.742982	122.107219	318.490594	35.001471	1.474373	0.616915	0.693346	2.446477	0.430018
15:26:18 	221.752342	119.191280	121.445551	318.490594	34.852192	1.471387	0.612138	0.687374	2.446477	0.428226
15:27:21 	221.360634	118.846467	121.180883	318.490594	34.702914	1.467805	0.609152	0.684986	2.446477	0.426435
15:28:25 	221.034211	118.087878	120.717715	318.490594	34.553635	1.464819	0.602584	0.680806	2.446477	0.424644
15:29:28 	220.838357	117.536177	120.254547	318.490594	34.255077	1.463028	0.597807	0.676626	2.446477	0.421061
15:30:31 	220.381364	116.846550	119.659045	318.490594	34.205317	1.458848	0.591836	0.671252	2.446477	0.420464
15:31:35 	220.054941	116.432774	119.063544	318.490594	34.006279	1.455862	0.588253	0.665878	2.446477	0.418075
15:32:38 	219.793803	115.674185	118.534209	318.490594	33.707721	1.453474	0.581685	0.661101	2.446477	0.414493
15:33:41 	219.336810	115.191447	118.004874	318.490594	33.757480	1.449294	0.577505	0.656324	2.446477	0.415090
15:34:45 	219.140956	114.570783	117.541706	318.490594	33.657961	1.447503	0.572131	0.652145	2.446477	0.413896
15:35:48 	218.879818	113.950119	117.078538	318.490594	33.409163	1.445114	0.566757	0.647965	2.446477	0.410910
15:36:52 	218.553394	113.398418	116.681536	318.490594	33.309644	1.442129	0.561980	0.644382	2.446477	0.409716
15:37:55 	218.422825	112.984642	116.350702	318.490594	33.160365	1.440934	0.558398	0.641397	2.446477	0.407924
15:38:58 	217.965833	112.432941	115.755200	318.490594	33.110605	1.436755	0.553621	0.636023	2.446477	0.407327
15:40:02 	217.704694	111.950202	115.490533	318.490594	33.011086	1.434366	0.549441	0.633634	2.446477	0.406133
15:41:05 	217.508840	111.743314	115.225865	318.490594	32.861807	1.432575	0.547649	0.631246	2.446477	0.404342
15:42:09 	217.117132	111.191613	115.027365	318.490594	32.911567	1.428992	0.542873	0.629454	2.446477	0.404939
15:43:12 	216.921278	110.708875	114.630364	318.490594	32.861807	1.427201	0.538693	0.625872	2.446477	0.404342
15:44:15 	216.790709	110.433024	114.365696	318.490594	32.812047	1.426006	0.536304	0.623483	2.446477	0.403745
15:45:18 	216.529571	110.019248	114.233362	318.490594	32.762288	1.423618	0.532722	0.622289	2.446477	0.403147
15:46:22 	216.268432	109.743398	114.034862	318.490594	32.812047	1.421230	0.530333	0.620498	2.446477	0.403745
15:47:25 	216.007294	109.398584	113.968695	318.490594	32.812047	1.418841	0.527347	0.619900	2.446477	0.403745
15:48:28 	215.811440	109.260659	113.902528	318.490594	32.762288	1.417050	0.526153	0.619303	2.446477	0.403147
15:49:31 	215.550301	109.053771	113.836361	318.490594	32.812047	1.414661	0.524362	0.618706	2.446477	0.403745
15:50:34 	215.354447	108.915846	113.836361	318.490594	32.911567	1.412870	0.523168	0.618706	2.446477	0.404939
15:51:38 	215.093309	108.708958	113.968695	318.490594	32.812047	1.410481	0.521376	0.619900	2.446477	0.403745
15:52:42 	214.962739	108.571033	113.968695	318.490594	32.911567	1.409287	0.520182	0.619900	2.446477	0.404939
15:53:45 	214.832170	108.571033	113.902528	318.490594	33.060846	1.408093	0.520182	0.619303	2.446477	0.406730
15:54:48 	214.636316	108.502070	114.034862	318.490594	33.011086	1.406302	0.519585	0.620498	2.446477	0.406133
15:55:51 	214.375178	108.295182	114.167196	318.490594	32.911567	1.403913	0.517794	0.621692	2.446477	0.404939
15:56:54 	214.179324	108.502070	114.233362	318.490594	33.011086	1.402122	0.519585	0.622289	2.446477	0.406133
15:57:58 	214.048754	108.502070	114.431863	318.490594	33.011086	1.400928	0.519585	0.624080	2.446477	0.406133
15:59:01 	214.048754	108.364145	114.564197	318.490594	33.011086	1.400928	0.518391	0.625274	2.446477	0.406133
16:00:04 	213.657047	108.571033	114.564197	318.490594	33.060846	1.397345	0.520182	0.625274	2.446477	0.406730
16:01:08 	213.722331	108.502070	114.762697	318.490594	33.110605	1.397942	0.519585	0.627066	2.446477	0.407327
16:02:11 	213.657047	108.639995	114.895031	318.490594	33.110605	1.397345	0.520779	0.628260	2.446477	0.407327
16:03:14 	213.526477	108.639995	115.027365	318.490594	33.160365	1.396151	0.520779	0.629454	2.446477	0.407924
16:04:18 	213.461193	108.777921	115.159699	318.490594	33.259884	1.395554	0.521973	0.630648	2.446477	0.409119
16:05:21 	213.265339	108.708958	115.292032	318.490594	33.309644	1.393762	0.521376	0.631843	2.446477	0.409716
16:06:24 	213.200054	108.984809	115.556700	318.490594	33.359403	1.393165	0.523765	0.634231	2.446477	0.410313
16:07:27 	212.938915	108.984809	115.689033	318.490594	33.458923	1.390777	0.523765	0.635425	2.446477	0.411507
16:08:30 	212.938915	109.122734	115.755200	318.490594	33.458923	1.390777	0.524959	0.636023	2.446477	0.411507
16:09:34 	213.004200	109.260659	116.019868	318.490594	33.508682	1.391374	0.526153	0.638411	2.446477	0.412104
16:10:37 	212.873631	109.398584	115.953701	318.490594	33.409163	1.390180	0.527347	0.637814	2.446477	0.410910
16:11:40 	212.743062	109.536510	116.019868	318.490594	33.309644	1.388985	0.528542	0.638411	2.446477	0.409716
16:12:43 	212.612492	109.398584	115.689033	318.490594	32.861807	1.387791	0.527347	0.635425	2.446477	0.404342
16:13:47 	212.547208	109.605472	115.225865	318.490594	32.613009	1.387194	0.529139	0.631246	2.446477	0.401356
16:14:50 	212.416638	109.467547	114.630364	318.490594	32.214932	1.386000	0.527945	0.625872	2.446477	0.396579
16:15:53 	212.416638	109.191697	114.101029	318.490594	32.065653	1.386000	0.525556	0.621095	2.446477	0.394788
16:16:56 	212.416638	109.053771	113.637861	318.490594	31.916374	1.386000	0.524362	0.616915	2.446477	0.392996
16:18:00 	212.155500	108.639995	113.174693	318.490594	31.717335	1.383611	0.520779	0.612735	2.446477	0.390608
16:19:03 	212.024931	108.295182	112.645358	318.490594	31.617816	1.382417	0.517794	0.607958	2.446477	0.389414
16:20:06 	212.090215	107.674518	112.314523	318.490594	31.418778	1.383014	0.512420	0.604973	2.446477	0.387025
16:21:10 	211.894361	107.398668	111.785188	318.490594	31.319258	1.381223	0.510031	0.600196	2.446477	0.385831
16:22:13 	211.763792	106.778004	111.454354	318.490594	31.219739	1.380029	0.504657	0.597210	2.446477	0.384637
16:23:17 	211.894361	106.364228	111.057353	318.490594	31.169980	1.381223	0.501074	0.593627	2.446477	0.384040
16:24:20 	211.633223	106.019415	110.528018	318.490594	31.070460	1.378834	0.498089	0.588850	2.446477	0.382846
16:25:23 	211.437369	105.467714	110.131017	318.490594	30.921181	1.377043	0.493312	0.585268	2.446477	0.381054
16:26:26 	211.437369	105.053938	109.866349	318.490594	30.821662	1.377043	0.489729	0.582879	2.446477	0.379860
16:27:29 	211.306799	104.709124	109.403181	318.490594	30.672383	1.375849	0.486744	0.578699	2.446477	0.378069
16:28:33 	211.176230	104.226386	109.204681	318.490594	30.622624	1.374655	0.482564	0.576908	2.446477	0.377471
16:29:36 	211.110946	103.950535	108.609179	318.490594	30.572864	1.374057	0.480175	0.571534	2.446477	0.376874
16:30:39 	210.915092	103.398834	108.476845	318.490594	30.473345	1.372266	0.475398	0.570340	2.446477	0.375680
16:31:42 	210.523384	103.260909	108.212178	318.490594	30.324066	1.368683	0.474204	0.567951	2.446477	0.373889
16:32:46 	210.653953	102.640245	107.947510	318.490594	30.274306	1.369878	0.468830	0.565563	2.446477	0.373292
16:33:49 	210.523384	102.226469	107.616676	318.490594	30.174787	1.368683	0.465247	0.562577	2.446477	0.372097
16:34:52 	210.523384	101.950619	107.285842	318.490594	29.975748	1.368683	0.462859	0.559592	2.446477	0.369709
16:35:55 	210.262245	101.605805	106.955007	318.490594	29.925989	1.366295	0.459873	0.556606	2.446477	0.369112
16:36:58 	210.131676	101.398917	106.624173	318.490594	29.876229	1.365101	0.458082	0.553621	2.446477	0.368515
16:38:02 	210.001107	100.985141	106.491839	318.490594	29.826469	1.363906	0.454499	0.552426	2.446477	0.367918
16:39:05 	209.870537	100.571366	106.094838	318.490594	29.776710	1.362712	0.450917	0.548844	2.446477	0.367321
16:40:08 	209.805253	100.364478	105.896338	318.490594	29.627431	1.362115	0.449125	0.547052	2.446477	0.365529
16:41:11 	209.413545	99.881739	105.565503	318.490594	29.478152	1.358532	0.444946	0.544067	2.446477	0.363738
16:42:15 	209.282976	99.467963	105.102335	318.490594	29.328873	1.357338	0.441363	0.539887	2.446477	0.361946
16:43:18 	209.021837	99.192113	104.903835	318.490594	29.428392	1.354950	0.438974	0.538096	2.446477	0.363141
16:44:21 	208.825983	98.778337	104.506833	318.490594	29.229354	1.353158	0.435392	0.534513	2.446477	0.360752
16:45:24 	208.695414	98.571449	104.308333	318.490594	29.080075	1.351964	0.433600	0.532722	2.446477	0.358961
16:46:28 	208.564845	98.226636	104.109832	318.490594	29.080075	1.350770	0.430615	0.530930	2.446477	0.358961
16:47:31 	208.564845	98.088710	103.845165	318.490594	29.129835	1.350770	0.429421	0.528542	2.446477	0.359558
16:48:34 	208.368991	97.674934	103.646664	318.490594	28.980556	1.348979	0.425838	0.526750	2.446477	0.357767
16:49:37 	208.042567	97.468046	103.381997	318.490594	28.980556	1.345993	0.424046	0.524362	2.446477	0.357767
16:50:41 	208.042567	97.330121	103.249663	318.490594	28.781517	1.345993	0.422852	0.523168	2.446477	0.355378
16:51:45 	207.781429	97.054271	103.117329	318.490594	28.831277	1.343605	0.420464	0.521973	2.446477	0.355975
16:52:48 	207.716144	96.778420	103.051162	318.490594	28.731757	1.343007	0.418075	0.521376	2.446477	0.354781
16:53:51 	207.650860	96.433607	102.786495	318.490594	28.681998	1.342410	0.415090	0.518988	2.446477	0.354184
16:54:54 	207.455006	96.157756	102.521827	318.490594	28.582479	1.340619	0.412701	0.516599	2.446477	0.352990
16:55:58 	207.389721	96.019831	102.389494	318.490594	28.681998	1.340022	0.411507	0.515405	2.446477	0.354184
16:57:01 	207.259152	95.950868	102.190993	318.490594	28.582479	1.338828	0.410910	0.513614	2.446477	0.352990
16:58:04 	206.998013	95.743980	101.992493	318.490594	28.433200	1.336439	0.409119	0.511822	2.446477	0.351198
16:59:07 	206.998013	95.537092	101.926326	318.490594	28.532719	1.336439	0.407327	0.511225	2.446477	0.352393
17:00:11 	206.932729	95.330204	101.793992	318.490594	28.433200	1.335842	0.405536	0.510031	2.446477	0.351198
17:01:14 	206.606305	95.123316	101.727825	318.490594	28.383440	1.332856	0.403745	0.509434	2.446477	0.350601
17:02:17 	206.736875	94.916428	101.529324	318.490594	28.234161	1.334051	0.401953	0.507643	2.446477	0.348810
17:03:21 	206.671590	94.778503	101.463158	318.490594	28.084882	1.333454	0.400759	0.507046	2.446477	0.347019
17:04:24 	206.475736	94.778503	101.198490	318.490594	28.134642	1.331662	0.400759	0.504657	2.446477	0.347616
17:05:27 	206.345167	94.433690	101.066156	318.490594	28.084882	1.330468	0.397773	0.503463	2.446477	0.347019
17:06:30 	206.279882	94.226802	100.867656	318.490594	28.084882	1.329871	0.395982	0.501672	2.446477	0.347019
17:07:34 	206.084028	93.950951	100.735322	318.490594	28.084882	1.328080	0.393594	0.500477	2.446477	0.347019
17:08:37 	205.953459	93.813026	100.470655	318.490594	27.985363	1.326885	0.392399	0.498089	2.446477	0.345824
17:09:40 	205.822890	93.675101	100.404488	318.490594	27.885844	1.325691	0.391205	0.497492	2.446477	0.344630
17:10:43 	205.692320	93.537176	100.272154	318.490594	27.885844	1.324497	0.390011	0.496297	2.446477	0.344630
17:11:46 	205.496467	93.399250	100.139820	318.490594	27.786324	1.322705	0.388817	0.495103	2.446477	0.343436
17:12:50 	205.496467	93.192362	99.875153	318.490594	27.786324	1.322705	0.387025	0.492715	2.446477	0.343436
17:13:53 	205.365897	93.054437	99.941320	318.490594	27.836084	1.321511	0.385831	0.493312	2.446477	0.344033
17:14:56 	205.300613	92.847549	99.742819	318.490594	27.686805	1.320914	0.384040	0.491521	2.446477	0.342242
17:15:59 	205.300613	92.709624	99.742819	318.490594	27.686805	1.320914	0.382846	0.491521	2.446477	0.342242
17:17:03 	205.170043	92.709624	99.676652	318.490594	27.587286	1.319720	0.382846	0.490923	2.446477	0.341047
17:18:06 	205.039474	92.502736	99.544319	318.490594	27.637046	1.318526	0.381054	0.489729	2.446477	0.341645
17:19:09 	204.974189	92.364811	99.279651	318.490594	27.487767	1.317929	0.379860	0.487341	2.446477	0.339853
17:20:13 	204.778336	92.157923	99.345818	318.490594	27.537526	1.316137	0.378069	0.487938	2.446477	0.340450
17:21:16 	204.778336	92.088960	99.147317	318.490594	27.487767	1.316137	0.377471	0.486147	2.446477	0.339853
17:22:19 	204.582482	91.951035	99.213484	318.490594	27.438007	1.314346	0.376277	0.486744	2.446477	0.339256
17:23:23 	204.647766	91.951035	99.081151	318.490594	27.438007	1.314943	0.376277	0.485549	2.446477	0.339256
17:24:26 	204.386628	91.744147	98.882650	318.490594	27.388247	1.312555	0.374486	0.483758	2.446477	0.338659
17:25:29 	204.451912	91.675184	98.882650	318.490594	27.388247	1.313152	0.373889	0.483758	2.446477	0.338659
17:26:33 	204.451912	91.468296	98.750316	318.490594	27.388247	1.313152	0.372097	0.482564	2.446477	0.338659
17:27:36 	204.321343	91.468296	98.684149	318.490594	27.288728	1.311957	0.372097	0.481967	2.446477	0.337465
17:28:39 	204.190774	91.399333	98.684149	318.490594	27.288728	1.310763	0.371500	0.481967	2.446477	0.337465
17:29:42 	204.125489	91.330371	98.485649	318.490594	27.189209	1.310166	0.370903	0.480175	2.446477	0.336271
17:30:46 	204.060204	91.192446	98.551816	318.490594	27.288728	1.309569	0.369709	0.480772	2.446477	0.337465
17:31:49 	203.929635	91.054520	98.353315	318.490594	27.238968	1.308375	0.368515	0.478981	2.446477	0.336868
17:32:52 	203.733781	90.847632	98.088648	318.490594	27.139449	1.306583	0.366723	0.476593	2.446477	0.335673
17:33:55 	203.799066	90.847632	98.088648	318.490594	27.189209	1.307180	0.366723	0.476593	2.446477	0.336271
17:34:59 	203.668497	90.778670	98.088648	318.490594	27.288728	1.305986	0.366126	0.476593	2.446477	0.337465
17:36:02 	203.733781	90.571782	97.956314	318.490594	27.089690	1.306583	0.364335	0.475398	2.446477	0.335076
17:37:05 	203.537927	90.502819	98.088648	318.490594	27.039930	1.304792	0.363738	0.476593	2.446477	0.334479
17:38:09 	203.276789	90.433856	97.823980	318.490594	26.990170	1.302404	0.363141	0.474204	2.446477	0.333882
17:39:12 	203.407358	90.226968	97.823980	318.490594	26.990170	1.303598	0.361349	0.474204	2.446477	0.333882
17:40:15 	203.276789	90.226968	97.757813	318.490594	27.039930	1.302404	0.361349	0.473607	2.446477	0.334479
17:41:18 	203.276789	90.226968	97.823980	318.490594	26.990170	1.302404	0.361349	0.474204	2.446477	0.333882
17:42:22 	203.211504	90.020081	97.757813	318.490594	27.039930	1.301806	0.359558	0.473607	2.446477	0.334479
17:43:26 	203.211504	90.020081	97.757813	318.490594	26.990170	1.301806	0.359558	0.473607	2.446477	0.333882
17:44:30 	203.146220	89.951118	97.625479	318.490594	26.890651	1.301209	0.358961	0.472413	2.446477	0.332688
17:45:34 	203.211504	89.951118	97.559313	318.490594	26.940411	1.301806	0.358961	0.471816	2.446477	0.333285
17:46:38 	202.885081	89.882155	97.625479	318.490594	26.940411	1.298821	0.358364	0.472413	2.446477	0.333285
17:47:42 	202.885081	89.813193	97.426979	318.490594	26.990170	1.298821	0.357767	0.470622	2.446477	0.333882
17:48:46 	202.885081	89.813193	97.559313	318.490594	26.990170	1.298821	0.357767	0.471816	2.446477	0.333882
17:49:50 	202.754512	89.744230	97.426979	318.490594	26.840891	1.297627	0.357170	0.470622	2.446477	0.332091
17:50:53 	202.558658	89.744230	97.426979	318.490594	26.940411	1.295835	0.357170	0.470622	2.446477	0.333285
17:51:56 	202.689227	89.675267	97.426979	318.490594	26.940411	1.297030	0.356572	0.470622	2.446477	0.333285
17:53:01 	202.689227	89.606305	97.625479	318.490594	26.940411	1.297030	0.355975	0.472413	2.446477	0.333285
17:54:04 	202.689227	89.606305	97.493146	318.490594	27.039930	1.297030	0.355975	0.471219	2.446477	0.334479
17:55:07 	202.623942	89.606305	97.426979	318.490594	26.990170	1.296432	0.355975	0.470622	2.446477	0.333882
17:56:11 	202.689227	89.606305	97.426979	318.490594	26.990170	1.297030	0.355975	0.470622	2.446477	0.333882
17:57:14 	202.558658	89.606305	97.426979	318.490594	27.139449	1.295835	0.355975	0.470622	2.446477	0.335673
17:58:17 	202.558658	89.606305	97.559313	318.490594	27.039930	1.295835	0.355975	0.471816	2.446477	0.334479
17:59:20 	202.362804	89.606305	97.559313	318.490594	26.940411	1.294044	0.355975	0.471816	2.446477	0.333285
18:00:24 	202.428088	89.606305	97.426979	318.490594	26.940411	1.294641	0.355975	0.470622	2.446477	0.333285
18:01:28 	202.428088	89.675267	97.493146	318.490594	26.791132	1.294641	0.356572	0.471219	2.446477	0.331494
18:02:31 	202.428088	89.675267	97.493146	318.490594	26.791132	1.294641	0.356572	0.471219	2.446477	0.331494
18:03:34 	202.362804	89.606305	97.426979	318.490594	26.791132	1.294044	0.355975	0.470622	2.446477	0.331494
18:04:38 	202.297519	89.744230	97.360812	318.490594	26.691612	1.293447	0.357170	0.470024	2.446477	0.330299
18:05:41 	202.297519	89.606305	97.294645	318.490594	26.691612	1.293447	0.355975	0.469427	2.446477	0.330299
18:06:45 	202.232235	89.468379	97.228478	318.490594	26.741372	1.292850	0.354781	0.468830	2.446477	0.330896
18:07:49 	202.232235	89.399417	97.162311	318.490594	26.691612	1.292850	0.354184	0.468233	2.446477	0.330299
18:08:52 	202.232235	89.330454	97.162311	318.490594	26.641853	1.292850	0.353587	0.468233	2.446477	0.329702
18:09:55 	202.166950	89.192529	97.029978	318.490594	26.641853	1.292253	0.352393	0.467039	2.446477	0.329702
18:10:59 	202.166950	89.123566	97.029978	318.490594	26.741372	1.292253	0.351796	0.467039	2.446477	0.330896
18:12:02 	202.101665	89.123566	96.963811	318.490594	26.592093	1.291655	0.351796	0.466442	2.446477	0.329105
18:13:06 	202.101665	88.916678	96.963811	318.490594	26.542334	1.291655	0.350004	0.466442	2.446477	0.328508
18:14:09 	202.036381	89.054603	96.897644	318.490594	26.542334	1.291058	0.351198	0.465845	2.446477	0.328508
18:15:12 	202.036381	88.916678	96.897644	318.490594	26.542334	1.291058	0.350004	0.465845	2.446477	0.328508
18:16:16 	202.101665	88.916678	96.897644	318.490594	26.592093	1.291655	0.350004	0.465845	2.446477	0.329105
18:17:19 	201.905811	88.916678	96.765310	318.490594	26.592093	1.289864	0.350004	0.464650	2.446477	0.329105
18:18:22 	202.036381	88.847716	96.699143	318.490594	26.592093	1.291058	0.349407	0.464053	2.446477	0.329105
18:19:26 	201.971096	88.778753	96.765310	318.490594	26.492574	1.290461	0.348810	0.464650	2.446477	0.327911
18:20:30 	201.971096	88.709790	96.632977	318.490594	26.492574	1.290461	0.348213	0.463456	2.446477	0.327911
18:21:34 	201.840527	88.709790	96.699143	318.490594	26.542334	1.289267	0.348213	0.464053	2.446477	0.328508
18:22:37 	201.840527	88.571865	96.699143	318.490594	26.492574	1.289267	0.347019	0.464053	2.446477	0.327911
18:23:40 	201.709957	88.640828	96.699143	318.490594	26.492574	1.288073	0.347616	0.464053	2.446477	0.327911
18:24:44 	201.709957	88.502902	96.500643	318.490594	26.492574	1.288073	0.346421	0.462262	2.446477	0.327911
18:25:47 	201.840527	88.502902	96.500643	318.490594	26.542334	1.289267	0.346421	0.462262	2.446477	0.328508
18:26:50 	201.905811	88.296014	96.434476	318.490594	26.442814	1.289864	0.344630	0.461665	2.446477	0.327314
18:27:53 	201.775242	88.433940	96.500643	318.490594	26.492574	1.288670	0.345824	0.462262	2.446477	0.327911
18:28:56 	201.840527	88.364977	96.500643	318.490594	26.442814	1.289267	0.345227	0.462262	2.446477	0.327314
18:30:00 	201.709957	88.433940	96.566810	318.490594	26.442814	1.288073	0.345824	0.462859	2.446477	0.327314
18:31:03 	201.644673	88.433940	96.434476	318.490594	26.492574	1.287476	0.345824	0.461665	2.446477	0.327911
18:32:06 	201.644673	88.364977	96.302142	318.490594	26.492574	1.287476	0.345227	0.460471	2.446477	0.327911
18:33:09 	201.644673	88.296014	96.434476	318.490594	26.442814	1.287476	0.344630	0.461665	2.446477	0.327314
18:34:13 	201.775242	88.158089	96.368309	318.490594	26.442814	1.288670	0.343436	0.461068	2.446477	0.327314
18:35:18 	201.644673	88.158089	96.500643	318.490594	26.393055	1.287476	0.343436	0.462262	2.446477	0.326717
18:36:21 	201.579388	88.227052	96.368309	318.490594	26.393055	1.286879	0.344033	0.461068	2.446477	0.326717
18:37:25 	201.448819	88.158089	96.302142	318.490594	26.293535	1.285684	0.343436	0.460471	2.446477	0.325522
18:38:28 	201.514104	88.158089	96.235975	318.490594	26.393055	1.286281	0.343436	0.459873	2.446477	0.326717
18:39:31 	201.579388	88.089126	96.368309	318.490594	26.343295	1.286879	0.342839	0.461068	2.446477	0.326120
18:40:35 	201.579388	88.158089	96.302142	318.490594	26.442814	1.286879	0.343436	0.460471	2.446477	0.327314
18:41:38 	201.514104	88.020164	96.302142	318.490594	26.393055	1.286281	0.342242	0.460471	2.446477	0.326717
18:42:41 	201.579388	88.089126	96.302142	318.490594	26.393055	1.286879	0.342839	0.460471	2.446477	0.326717
18:43:45 	201.448819	88.020164	96.302142	318.490594	26.343295	1.285684	0.342242	0.460471	2.446477	0.326120
18:44:48 	201.383534	88.020164	96.302142	318.490594	26.343295	1.285087	0.342242	0.460471	2.446477	0.326120
18:45:52 	201.383534	87.882238	96.235975	318.490594	26.243776	1.285087	0.341047	0.459873	2.446477	0.324925
18:46:55 	201.644673	87.951201	96.169808	318.490594	26.243776	1.287476	0.341645	0.459276	2.446477	0.324925
18:47:59 	201.448819	87.951201	96.169808	318.490594	26.343295	1.285684	0.341645	0.459276	2.446477	0.326120
18:49:03 	201.448819	87.951201	96.103642	318.490594	26.393055	1.285684	0.341645	0.458679	2.446477	0.326717
18:50:06 	201.448819	88.020164	96.103642	318.490594	26.293535	1.285684	0.342242	0.458679	2.446477	0.325522
18:51:09 	201.448819	87.951201	96.235975	318.490594	26.343295	1.285684	0.341645	0.459873	2.446477	0.326120
18:52:13 	201.318250	87.882238	96.103642	318.490594	26.343295	1.284490	0.341047	0.458679	2.446477	0.326120
18:53:17 	201.252965	87.882238	96.103642	318.490594	26.243776	1.283893	0.341047	0.458679	2.446477	0.324925
18:54:20 	201.187680	87.744313	95.905141	318.490594	26.293535	1.283296	0.339853	0.456888	2.446477	0.325522
18:55:24 	201.252965	87.813276	95.905141	318.490594	26.243776	1.283893	0.340450	0.456888	2.446477	0.324925
18:56:28 	201.187680	87.744313	96.037475	318.490594	26.144256	1.283296	0.339853	0.458082	2.446477	0.323731
18:57:32 	201.252965	87.744313	96.103642	318.490594	26.194016	1.283893	0.339853	0.458679	2.446477	0.324328
