Timestamp	RTD1		RTD2		RTD3		RTD4		Pressure	Voltage0	Voltage1	Voltage2	Voltage3	Voltage7
17:17:14 	297.090816	298.080388	296.853908	297.516167	14.898579	2.160459	2.161056	2.270328	2.266148	0.188783
17:17:17 	297.156101	297.804537	296.853908	297.446715	14.948339	2.161056	2.158667	2.270328	2.265551	0.189380
17:17:19 	297.156101	297.942463	296.853908	297.446715	14.898579	2.161056	2.159862	2.270328	2.265551	0.188783
17:17:21 	297.025531	297.942463	296.787742	297.377264	14.898579	2.159862	2.159862	2.269731	2.264954	0.188783
17:17:23 	297.156101	298.011425	296.853908	297.446715	14.848820	2.161056	2.160459	2.270328	2.265551	0.188186
17:17:25 	297.156101	297.804537	296.853908	297.446715	14.848820	2.161056	2.158667	2.270328	2.265551	0.188186
17:17:28 	297.090816	297.942463	296.920075	297.446715	14.848820	2.160459	2.159862	2.270925	2.265551	0.188186
17:17:30 	297.156101	297.804537	296.721575	297.446715	14.898579	2.161056	2.158667	2.269134	2.265551	0.188783
17:17:32 	297.221385	297.873500	296.920075	297.446715	14.948339	2.161653	2.159264	2.270925	2.265551	0.189380
17:17:34 	297.156101	297.873500	296.853908	297.446715	14.898579	2.161056	2.159264	2.270328	2.265551	0.188783
17:17:36 	297.090816	297.873500	296.853908	297.446715	14.898579	2.160459	2.159264	2.270328	2.265551	0.188783
17:17:38 	297.156101	298.011425	296.920075	297.516167	14.898579	2.161056	2.160459	2.270925	2.266148	0.188783
17:17:41 	297.156101	297.942463	296.853908	297.446715	14.948339	2.161056	2.159862	2.270328	2.265551	0.189380
17:17:43 	297.025531	298.011425	296.853908	297.377264	14.898579	2.159862	2.160459	2.270328	2.264954	0.188783
17:17:45 	297.351954	297.942463	296.853908	297.446715	14.998099	2.162847	2.159862	2.270328	2.265551	0.189977
17:17:47 	297.221385	297.942463	296.853908	297.446715	14.898579	2.161653	2.159862	2.270328	2.265551	0.188783
17:17:50 	297.090816	298.011425	296.853908	297.377264	14.948339	2.160459	2.160459	2.270328	2.264954	0.189380
17:17:52 	296.960247	297.942463	296.721575	297.377264	14.848820	2.159264	2.159862	2.269134	2.264954	0.188186
17:17:54 	297.090816	297.942463	296.787742	297.377264	14.898579	2.160459	2.159862	2.269731	2.264954	0.188783
17:17:56 	297.090816	297.942463	297.052409	297.516167	14.898579	2.160459	2.159862	2.272119	2.266148	0.188783
17:17:59 	296.894962	297.942463	296.920075	297.446715	14.898579	2.158667	2.159862	2.270925	2.265551	0.188783
17:18:01 	297.221385	298.011425	296.920075	297.307812	14.898579	2.161653	2.160459	2.270925	2.264357	0.188783
17:18:03 	297.090816	297.942463	296.920075	297.516167	14.848820	2.160459	2.159862	2.270925	2.266148	0.188186
17:18:05 	297.090816	298.011425	296.721575	297.585619	14.898579	2.160459	2.160459	2.269134	2.266745	0.188783
17:18:07 	297.156101	297.942463	296.920075	297.446715	14.898579	2.161056	2.159862	2.270925	2.265551	0.188783
17:18:10 	297.156101	297.942463	296.853908	297.516167	14.799060	2.161056	2.159862	2.270328	2.266148	0.187589
17:18:12 	297.090816	298.011425	296.920075	297.377264	14.898579	2.160459	2.160459	2.270925	2.264954	0.188783
17:18:14 	297.090816	297.942463	296.787742	297.377264	14.799060	2.160459	2.159862	2.269731	2.264954	0.187589
17:18:16 	297.156101	297.942463	296.721575	297.446715	14.948339	2.161056	2.159862	2.269134	2.265551	0.189380
17:18:18 	297.090816	297.942463	296.920075	297.446715	14.898579	2.160459	2.159862	2.270925	2.265551	0.188783
17:18:21 	297.090816	297.804537	296.853908	297.377264	14.898579	2.160459	2.158667	2.270328	2.264954	0.188783
17:18:23 	297.156101	298.011425	296.787742	297.446715	14.898579	2.161056	2.160459	2.269731	2.265551	0.188783
17:18:25 	297.156101	297.873500	296.853908	297.446715	14.848820	2.161056	2.159264	2.270328	2.265551	0.188186
17:18:27 	297.090816	298.011425	296.920075	297.516167	14.699541	2.160459	2.160459	2.270925	2.266148	0.186394
17:18:29 	297.221385	297.873500	296.986242	297.446715	14.848820	2.161653	2.159264	2.271522	2.265551	0.188186
17:18:31 	297.090816	297.873500	296.787742	297.377264	14.998099	2.160459	2.159264	2.269731	2.264954	0.189977
17:18:34 	297.090816	298.080388	296.787742	297.446715	14.948339	2.160459	2.161056	2.269731	2.265551	0.189380
17:18:36 	297.221385	297.942463	296.920075	297.516167	14.848820	2.161653	2.159862	2.270925	2.266148	0.188186
17:18:38 	297.156101	298.011425	296.920075	297.446715	14.848820	2.161056	2.160459	2.270925	2.265551	0.188186
17:18:40 	297.090816	297.942463	296.920075	297.516167	14.948339	2.160459	2.159862	2.270925	2.266148	0.189380
17:18:43 	297.090816	298.080388	296.721575	297.446715	14.898579	2.160459	2.161056	2.269134	2.265551	0.188783
17:18:45 	297.090816	297.942463	296.853908	297.446715	15.047858	2.160459	2.159862	2.270328	2.265551	0.190574
17:18:47 	297.156101	297.942463	296.787742	297.446715	14.898579	2.161056	2.159862	2.269731	2.265551	0.188783
17:18:49 	297.156101	298.011425	296.853908	297.377264	14.848820	2.161056	2.160459	2.270328	2.264954	0.188186
17:18:51 	297.090816	297.873500	296.853908	297.446715	14.948339	2.160459	2.159264	2.270328	2.265551	0.189380
17:18:54 	297.156101	297.942463	296.853908	297.446715	14.948339	2.161056	2.159862	2.270328	2.265551	0.189380
17:18:56 	297.156101	297.873500	296.920075	297.516167	14.848820	2.161056	2.159264	2.270925	2.266148	0.188186
17:18:58 	297.221385	297.942463	296.853908	297.377264	14.898579	2.161653	2.159862	2.270328	2.264954	0.188783
17:19:00 	297.025531	297.942463	296.787742	297.446715	14.749300	2.159862	2.159862	2.269731	2.265551	0.186992
17:19:02 	297.025531	297.873500	296.920075	297.446715	14.948339	2.159862	2.159264	2.270925	2.265551	0.189380
17:19:05 	297.090816	297.942463	296.721575	297.516167	14.898579	2.160459	2.159862	2.269134	2.266148	0.188783
17:19:07 	297.156101	297.942463	296.920075	297.516167	14.898579	2.161056	2.159862	2.270925	2.266148	0.188783
17:19:09 	297.025531	297.942463	296.986242	297.377264	14.848820	2.159862	2.159862	2.271522	2.264954	0.188186
17:19:11 	297.156101	297.942463	296.920075	297.377264	14.898579	2.161056	2.159862	2.270925	2.264954	0.188783
17:19:13 	297.090816	297.942463	296.853908	297.516167	14.898579	2.160459	2.159862	2.270328	2.266148	0.188783
17:19:15 	297.156101	297.873500	296.920075	297.516167	14.749300	2.161056	2.159264	2.270925	2.266148	0.186992
17:19:18 	297.221385	297.942463	296.853908	297.446715	14.848820	2.161653	2.159862	2.270328	2.265551	0.188186
17:19:20 	296.960247	298.011425	296.853908	297.377264	14.898579	2.159264	2.160459	2.270328	2.264954	0.188783
17:19:22 	297.221385	298.011425	296.853908	297.446715	14.848820	2.161653	2.160459	2.270328	2.265551	0.188186
17:19:24 	297.156101	298.011425	296.787742	297.516167	14.948339	2.161056	2.160459	2.269731	2.266148	0.189380
17:19:27 	297.156101	297.942463	296.920075	297.446715	14.948339	2.161056	2.159862	2.270925	2.265551	0.189380
17:19:29 	297.025531	297.942463	296.920075	297.446715	14.898579	2.159862	2.159862	2.270925	2.265551	0.188783
17:19:31 	297.221385	298.011425	296.853908	297.516167	14.948339	2.161653	2.160459	2.270328	2.266148	0.189380
17:19:33 	297.090816	298.011425	296.853908	297.446715	14.898579	2.160459	2.160459	2.270328	2.265551	0.188783
17:19:35 	297.156101	297.873500	296.787742	297.446715	14.898579	2.161056	2.159264	2.269731	2.265551	0.188783
17:19:38 	297.156101	297.873500	296.853908	297.516167	14.848820	2.161056	2.159264	2.270328	2.266148	0.188186
17:19:40 	297.156101	298.011425	296.787742	297.516167	14.848820	2.161056	2.160459	2.269731	2.266148	0.188186
17:19:42 	297.156101	298.080388	296.920075	297.446715	14.898579	2.161056	2.161056	2.270925	2.265551	0.188783
17:19:44 	297.156101	297.873500	296.920075	297.446715	14.948339	2.161056	2.159264	2.270925	2.265551	0.189380
17:19:46 	297.156101	297.942463	296.920075	297.446715	14.948339	2.161056	2.159862	2.270925	2.265551	0.189380
