Timestamp	RTD1		RTD2		RTD3		RTD4		Pressure	Voltage0	Voltage1	Voltage2	Voltage3	Voltage7
17:06:39 	297.090816	297.942463	296.853908	297.446715	14.898579	2.160459	2.159862	2.270328	2.265551	0.188783
17:06:42 	297.090816	297.942463	296.787742	297.307812	14.948339	2.160459	2.159862	2.269731	2.264357	0.189380
17:06:44 	296.894962	297.873500	296.853908	297.377264	14.848820	2.158667	2.159264	2.270328	2.264954	0.188186
17:06:46 	297.090816	298.011425	296.853908	297.446715	14.948339	2.160459	2.160459	2.270328	2.265551	0.189380
17:06:48 	297.025531	297.942463	296.920075	297.446715	14.948339	2.159862	2.159862	2.270925	2.265551	0.189380
17:06:50 	297.090816	297.873500	296.787742	297.446715	14.898579	2.160459	2.159264	2.269731	2.265551	0.188783
17:06:53 	296.960247	297.942463	296.787742	297.377264	14.848820	2.159264	2.159862	2.269731	2.264954	0.188186
17:06:55 	297.025531	297.873500	296.853908	297.446715	14.848820	2.159862	2.159264	2.270328	2.265551	0.188186
17:06:57 	296.894962	297.942463	296.853908	297.377264	14.898579	2.158667	2.159862	2.270328	2.264954	0.188783
17:06:59 	296.960247	297.942463	296.853908	297.446715	14.948339	2.159264	2.159862	2.270328	2.265551	0.189380
17:07:02 	297.156101	297.942463	296.920075	297.377264	14.948339	2.161056	2.159862	2.270925	2.264954	0.189380
17:07:04 	296.894962	297.873500	296.920075	297.446715	14.898579	2.158667	2.159264	2.270925	2.265551	0.188783
17:07:06 	297.025531	297.942463	296.853908	297.377264	14.749300	2.159862	2.159862	2.270328	2.264954	0.186992
17:07:08 	297.025531	297.804537	296.787742	297.307812	14.948339	2.159862	2.158667	2.269731	2.264357	0.189380
17:07:10 	297.156101	297.873500	296.853908	297.516167	14.898579	2.161056	2.159264	2.270328	2.266148	0.188783
17:07:13 	297.025531	297.942463	296.787742	297.307812	14.898579	2.159862	2.159862	2.269731	2.264357	0.188783
17:07:15 	297.025531	297.942463	296.787742	297.446715	14.948339	2.159862	2.159862	2.269731	2.265551	0.189380
17:07:17 	296.894962	298.011425	296.853908	297.377264	14.898579	2.158667	2.160459	2.270328	2.264954	0.188783
17:07:19 	297.090816	297.804537	296.787742	297.377264	14.898579	2.160459	2.158667	2.269731	2.264954	0.188783
17:07:21 	297.025531	297.873500	296.853908	297.377264	14.799060	2.159862	2.159264	2.270328	2.264954	0.187589
17:07:23 	297.025531	297.873500	296.787742	297.446715	14.948339	2.159862	2.159264	2.269731	2.265551	0.189380
17:07:26 	297.025531	297.873500	296.853908	297.377264	14.948339	2.159862	2.159264	2.270328	2.264954	0.189380
17:07:28 	297.025531	297.873500	296.853908	297.446715	14.848820	2.159862	2.159264	2.270328	2.265551	0.188186
17:07:30 	297.090816	297.873500	296.920075	297.446715	14.898579	2.160459	2.159264	2.270925	2.265551	0.188783
17:07:32 	296.960247	297.942463	296.853908	297.446715	14.898579	2.159264	2.159862	2.270328	2.265551	0.188783
17:07:34 	297.025531	297.942463	296.787742	297.446715	14.848820	2.159862	2.159862	2.269731	2.265551	0.188186
17:07:37 	297.025531	297.942463	296.920075	297.446715	14.898579	2.159862	2.159862	2.270925	2.265551	0.188783
17:07:39 	297.221385	298.011425	296.787742	297.446715	14.898579	2.161653	2.160459	2.269731	2.265551	0.188783
17:07:41 	297.156101	298.011425	296.787742	297.516167	14.898579	2.161056	2.160459	2.269731	2.266148	0.188783
17:07:43 	297.090816	297.942463	296.853908	297.585619	14.799060	2.160459	2.159862	2.270328	2.266745	0.187589
17:07:46 	297.025531	297.804537	296.853908	297.446715	14.898579	2.159862	2.158667	2.270328	2.265551	0.188783
17:07:48 	297.221385	298.011425	296.853908	297.446715	14.898579	2.161653	2.160459	2.270328	2.265551	0.188783
17:07:50 	297.156101	298.011425	296.853908	297.377264	14.848820	2.161056	2.160459	2.270328	2.264954	0.188186
17:07:52 	297.090816	298.011425	296.986242	297.446715	14.998099	2.160459	2.160459	2.271522	2.265551	0.189977
17:07:54 	297.156101	297.804537	296.853908	297.377264	14.948339	2.161056	2.158667	2.270328	2.264954	0.189380
17:07:57 	297.090816	297.942463	296.787742	297.446715	14.948339	2.160459	2.159862	2.269731	2.265551	0.189380
17:07:59 	297.156101	298.011425	296.853908	297.377264	14.848820	2.161056	2.160459	2.270328	2.264954	0.188186
17:08:01 	297.090816	297.942463	296.853908	297.446715	14.799060	2.160459	2.159862	2.270328	2.265551	0.187589
17:08:03 	297.156101	298.011425	296.920075	297.446715	14.948339	2.161056	2.160459	2.270925	2.265551	0.189380
17:08:05 	297.156101	297.942463	296.920075	297.516167	14.948339	2.161056	2.159862	2.270925	2.266148	0.189380
17:08:08 	297.090816	298.011425	296.853908	297.516167	14.848820	2.160459	2.160459	2.270328	2.266148	0.188186
17:08:10 	297.090816	297.942463	296.853908	297.446715	14.749300	2.160459	2.159862	2.270328	2.265551	0.186992
17:08:12 	297.025531	297.804537	296.920075	297.446715	14.898579	2.159862	2.158667	2.270925	2.265551	0.188783
17:08:14 	297.090816	297.942463	296.853908	297.446715	14.948339	2.160459	2.159862	2.270328	2.265551	0.189380
17:08:16 	297.090816	297.942463	296.853908	297.446715	14.898579	2.160459	2.159862	2.270328	2.265551	0.188783
17:08:18 	297.025531	297.942463	296.853908	297.307812	14.948339	2.159862	2.159862	2.270328	2.264357	0.189380
17:08:21 	297.090816	298.011425	296.853908	297.446715	14.898579	2.160459	2.160459	2.270328	2.265551	0.188783
17:08:23 	297.025531	297.873500	296.853908	297.446715	14.998099	2.159862	2.159264	2.270328	2.265551	0.189977
17:08:25 	297.090816	297.942463	296.853908	297.516167	14.948339	2.160459	2.159862	2.270328	2.266148	0.189380
17:08:27 	297.025531	297.804537	296.853908	297.446715	14.898579	2.159862	2.158667	2.270328	2.265551	0.188783
17:08:29 	297.090816	297.942463	296.920075	297.377264	14.898579	2.160459	2.159862	2.270925	2.264954	0.188783
17:08:32 	296.960247	298.080388	296.986242	297.446715	14.848820	2.159264	2.161056	2.271522	2.265551	0.188186
17:08:34 	297.090816	298.011425	296.853908	297.446715	14.898579	2.160459	2.160459	2.270328	2.265551	0.188783
17:08:36 	297.025531	297.804537	296.853908	297.377264	14.898579	2.159862	2.158667	2.270328	2.264954	0.188783
17:08:38 	297.156101	297.942463	296.853908	297.446715	14.948339	2.161056	2.159862	2.270328	2.265551	0.189380
17:08:40 	297.090816	298.011425	296.853908	297.516167	14.948339	2.160459	2.160459	2.270328	2.266148	0.189380
17:08:43 	297.025531	297.873500	296.853908	297.377264	14.898579	2.159862	2.159264	2.270328	2.264954	0.188783
17:08:45 	297.090816	297.942463	296.787742	297.377264	14.948339	2.160459	2.159862	2.269731	2.264954	0.189380
17:08:47 	297.090816	297.942463	296.853908	297.446715	14.898579	2.160459	2.159862	2.270328	2.265551	0.188783
17:08:49 	297.090816	297.942463	296.853908	297.516167	14.948339	2.160459	2.159862	2.270328	2.266148	0.189380
17:08:52 	297.025531	298.080388	296.920075	297.446715	14.948339	2.159862	2.161056	2.270925	2.265551	0.189380
17:08:54 	297.025531	297.873500	296.853908	297.377264	14.898579	2.159862	2.159264	2.270328	2.264954	0.188783
17:08:56 	297.156101	297.942463	296.920075	297.516167	14.898579	2.161056	2.159862	2.270925	2.266148	0.188783
17:08:58 	297.025531	297.942463	296.920075	297.516167	14.948339	2.159862	2.159862	2.270925	2.266148	0.189380
17:09:00 	297.286670	297.942463	296.853908	297.377264	14.898579	2.162250	2.159862	2.270328	2.264954	0.188783
17:09:02 	297.156101	298.011425	296.853908	297.516167	14.948339	2.161056	2.160459	2.270328	2.266148	0.189380
17:09:05 	297.090816	297.873500	296.787742	297.446715	14.848820	2.160459	2.159264	2.269731	2.265551	0.188186
17:09:07 	297.090816	298.011425	296.787742	297.446715	14.948339	2.160459	2.160459	2.269731	2.265551	0.189380
17:09:09 	297.090816	297.873500	296.853908	297.516167	14.799060	2.160459	2.159264	2.270328	2.266148	0.187589
17:09:11 	296.960247	297.873500	296.920075	297.516167	14.948339	2.159264	2.159264	2.270925	2.266148	0.189380
17:09:13 	297.090816	297.942463	296.853908	297.516167	14.948339	2.160459	2.159862	2.270328	2.266148	0.189380
17:09:16 	297.025531	297.873500	296.920075	297.516167	14.848820	2.159862	2.159264	2.270925	2.266148	0.188186
17:09:18 	297.025531	297.942463	296.920075	297.446715	14.898579	2.159862	2.159862	2.270925	2.265551	0.188783
17:09:20 	297.156101	297.942463	296.920075	297.446715	14.948339	2.161056	2.159862	2.270925	2.265551	0.189380
17:09:22 	297.090816	297.942463	296.721575	297.446715	14.948339	2.160459	2.159862	2.269134	2.265551	0.189380
17:09:24 	297.156101	297.942463	296.787742	297.446715	14.898579	2.161056	2.159862	2.269731	2.265551	0.188783
17:09:27 	297.221385	298.080388	296.920075	297.446715	14.948339	2.161653	2.161056	2.270925	2.265551	0.189380
17:09:29 	297.090816	297.942463	296.986242	297.446715	14.948339	2.160459	2.159862	2.271522	2.265551	0.189380
17:09:31 	297.090816	297.942463	296.853908	297.377264	15.047858	2.160459	2.159862	2.270328	2.264954	0.190574
17:09:33 	297.156101	298.011425	296.920075	297.446715	14.848820	2.161056	2.160459	2.270925	2.265551	0.188186
17:09:35 	296.960247	298.011425	296.853908	297.516167	14.948339	2.159264	2.160459	2.270328	2.266148	0.189380
17:09:37 	297.156101	297.942463	296.853908	297.446715	14.848820	2.161056	2.159862	2.270328	2.265551	0.188186
17:09:40 	297.156101	298.011425	296.920075	297.377264	14.948339	2.161056	2.160459	2.270925	2.264954	0.189380
17:09:42 	297.025531	297.942463	296.853908	297.377264	14.898579	2.159862	2.159862	2.270328	2.264954	0.188783
17:09:44 	297.156101	297.942463	296.920075	297.377264	14.898579	2.161056	2.159862	2.270925	2.264954	0.188783
17:09:46 	297.090816	298.011425	296.853908	297.446715	14.948339	2.160459	2.160459	2.270328	2.265551	0.189380
17:09:48 	297.090816	297.942463	296.920075	297.446715	14.898579	2.160459	2.159862	2.270925	2.265551	0.188783
17:09:51 	297.156101	297.942463	296.853908	297.516167	14.948339	2.161056	2.159862	2.270328	2.266148	0.189380
17:09:53 	297.090816	298.080388	296.920075	297.377264	14.948339	2.160459	2.161056	2.270925	2.264954	0.189380
17:09:55 	297.156101	297.942463	296.920075	297.446715	14.898579	2.161056	2.159862	2.270925	2.265551	0.188783
17:09:57 	297.025531	298.011425	296.853908	297.377264	14.948339	2.159862	2.160459	2.270328	2.264954	0.189380
17:09:59 	297.090816	298.011425	296.920075	297.446715	14.948339	2.160459	2.160459	2.270925	2.265551	0.189380
17:10:02 	297.156101	297.873500	296.853908	297.446715	14.898579	2.161056	2.159264	2.270328	2.265551	0.188783
17:10:04 	297.025531	298.011425	296.787742	297.377264	14.898579	2.159862	2.160459	2.269731	2.264954	0.188783
17:10:06 	297.025531	298.011425	296.787742	297.446715	14.998099	2.159862	2.160459	2.269731	2.265551	0.189977
17:10:08 	297.090816	297.873500	296.853908	297.585619	14.948339	2.160459	2.159264	2.270328	2.266745	0.189380
17:10:11 	297.090816	298.011425	296.853908	297.516167	14.948339	2.160459	2.160459	2.270328	2.266148	0.189380
17:10:13 	297.025531	297.942463	296.787742	297.516167	14.998099	2.159862	2.159862	2.269731	2.266148	0.189977
17:10:15 	297.090816	297.873500	296.853908	297.446715	14.948339	2.160459	2.159264	2.270328	2.265551	0.189380
17:10:17 	297.090816	298.011425	296.787742	297.446715	14.898579	2.160459	2.160459	2.269731	2.265551	0.188783
17:10:19 	297.025531	297.942463	296.920075	297.585619	14.948339	2.159862	2.159862	2.270925	2.266745	0.189380
17:10:22 	297.025531	297.942463	296.853908	297.446715	14.998099	2.159862	2.159862	2.270328	2.265551	0.189977
17:10:24 	297.156101	297.873500	296.920075	297.516167	14.898579	2.161056	2.159264	2.270925	2.266148	0.188783
17:10:26 	297.090816	298.011425	296.853908	297.307812	14.948339	2.160459	2.160459	2.270328	2.264357	0.189380
17:10:28 	297.090816	297.942463	296.853908	297.516167	14.998099	2.160459	2.159862	2.270328	2.266148	0.189977
17:10:30 	297.156101	297.873500	296.853908	297.446715	14.898579	2.161056	2.159264	2.270328	2.265551	0.188783
17:10:33 	297.156101	297.942463	296.853908	297.377264	14.998099	2.161056	2.159862	2.270328	2.264954	0.189977
17:10:35 	297.025531	297.942463	296.853908	297.446715	14.998099	2.159862	2.159862	2.270328	2.265551	0.189977
17:10:37 	297.090816	297.666612	296.787742	297.377264	15.047858	2.160459	2.157473	2.269731	2.264954	0.190574
17:10:39 	297.025531	297.873500	296.853908	297.516167	14.898579	2.159862	2.159264	2.270328	2.266148	0.188783
17:10:41 	297.156101	297.942463	296.787742	297.516167	14.948339	2.161056	2.159862	2.269731	2.266148	0.189380
17:10:44 	297.156101	297.942463	296.853908	297.516167	14.848820	2.161056	2.159862	2.270328	2.266148	0.188186
17:10:46 	297.090816	297.942463	296.986242	297.516167	14.948339	2.160459	2.159862	2.271522	2.266148	0.189380
17:10:48 	297.090816	297.942463	296.920075	297.516167	14.948339	2.160459	2.159862	2.270925	2.266148	0.189380
17:10:50 	297.090816	297.942463	296.787742	297.446715	14.848820	2.160459	2.159862	2.269731	2.265551	0.188186
17:10:52 	297.156101	297.942463	296.920075	297.516167	14.848820	2.161056	2.159862	2.270925	2.266148	0.188186
17:10:54 	297.090816	298.011425	296.853908	297.446715	14.898579	2.160459	2.160459	2.270328	2.265551	0.188783
17:10:56 	297.025531	298.080388	296.920075	297.446715	14.898579	2.159862	2.161056	2.270925	2.265551	0.188783
17:10:59 	297.025531	297.942463	296.920075	297.516167	14.948339	2.159862	2.159862	2.270925	2.266148	0.189380
17:11:01 	297.221385	297.942463	296.920075	297.377264	14.998099	2.161653	2.159862	2.270925	2.264954	0.189977
17:11:03 	297.090816	297.942463	296.920075	297.446715	14.948339	2.160459	2.159862	2.270925	2.265551	0.189380
17:11:05 	297.221385	297.873500	296.853908	297.516167	14.898579	2.161653	2.159264	2.270328	2.266148	0.188783
17:11:08 	297.156101	298.011425	296.920075	297.516167	14.948339	2.161056	2.160459	2.270925	2.266148	0.189380
17:11:10 	297.156101	297.942463	296.787742	297.377264	14.948339	2.161056	2.159862	2.269731	2.264954	0.189380
17:11:12 	297.156101	298.011425	296.920075	297.446715	14.898579	2.161056	2.160459	2.270925	2.265551	0.188783
17:11:14 	297.156101	297.942463	296.853908	297.516167	14.898579	2.161056	2.159862	2.270328	2.266148	0.188783
17:11:16 	297.156101	297.942463	296.920075	297.516167	14.948339	2.161056	2.159862	2.270925	2.266148	0.189380
17:11:19 	297.090816	297.873500	296.853908	297.446715	14.848820	2.160459	2.159264	2.270328	2.265551	0.188186
17:11:21 	297.090816	297.942463	296.853908	297.516167	14.998099	2.160459	2.159862	2.270328	2.266148	0.189977
17:11:23 	297.090816	298.011425	296.986242	297.446715	14.848820	2.160459	2.160459	2.271522	2.265551	0.188186
17:11:25 	297.090816	297.942463	296.920075	297.516167	14.898579	2.160459	2.159862	2.270925	2.266148	0.188783
17:11:27 	297.025531	298.011425	296.920075	297.516167	14.948339	2.159862	2.160459	2.270925	2.266148	0.189380
17:11:30 	297.156101	298.011425	296.920075	297.377264	14.898579	2.161056	2.160459	2.270925	2.264954	0.188783
17:11:32 	297.090816	298.011425	296.920075	297.446715	14.848820	2.160459	2.160459	2.270925	2.265551	0.188186
17:11:34 	297.090816	298.011425	296.787742	297.516167	14.898579	2.160459	2.160459	2.269731	2.266148	0.188783
17:11:36 	297.156101	298.011425	296.853908	297.516167	14.948339	2.161056	2.160459	2.270328	2.266148	0.189380
17:11:38 	297.025531	297.942463	296.853908	297.446715	14.898579	2.159862	2.159862	2.270328	2.265551	0.188783
17:11:41 	297.221385	297.942463	296.920075	297.516167	14.898579	2.161653	2.159862	2.270925	2.266148	0.188783
17:11:43 	297.090816	298.011425	296.920075	297.446715	14.948339	2.160459	2.160459	2.270925	2.265551	0.189380
17:11:45 	297.025531	298.011425	296.920075	297.377264	14.898579	2.159862	2.160459	2.270925	2.264954	0.188783
17:11:47 	297.090816	297.942463	296.853908	297.446715	14.898579	2.160459	2.159862	2.270328	2.265551	0.188783
17:11:49 	296.960247	298.011425	296.787742	297.446715	14.848820	2.159264	2.160459	2.269731	2.265551	0.188186
17:11:52 	297.090816	297.873500	296.853908	297.377264	14.898579	2.160459	2.159264	2.270328	2.264954	0.188783
17:11:54 	297.156101	297.942463	296.920075	297.446715	14.848820	2.161056	2.159862	2.270925	2.265551	0.188186
17:11:56 	297.156101	298.011425	296.787742	297.446715	14.948339	2.161056	2.160459	2.269731	2.265551	0.189380
17:11:58 	297.090816	297.942463	296.853908	297.446715	14.898579	2.160459	2.159862	2.270328	2.265551	0.188783
17:12:00 	297.090816	297.873500	296.920075	297.446715	14.898579	2.160459	2.159264	2.270925	2.265551	0.188783
17:12:03 	297.025531	297.873500	296.920075	297.446715	15.047858	2.159862	2.159264	2.270925	2.265551	0.190574
17:12:05 	297.156101	298.011425	296.853908	297.446715	14.848820	2.161056	2.160459	2.270328	2.265551	0.188186
17:12:07 	297.156101	298.011425	296.853908	297.446715	14.948339	2.161056	2.160459	2.270328	2.265551	0.189380
17:12:09 	297.090816	298.011425	296.920075	297.377264	14.948339	2.160459	2.160459	2.270925	2.264954	0.189380
17:12:11 	297.090816	298.011425	296.853908	297.516167	14.948339	2.160459	2.160459	2.270328	2.266148	0.189380
17:12:14 	297.156101	298.011425	296.853908	297.446715	14.898579	2.161056	2.160459	2.270328	2.265551	0.188783
17:12:16 	297.090816	298.011425	296.787742	297.516167	14.998099	2.160459	2.160459	2.269731	2.266148	0.189977
17:12:18 	297.090816	298.080388	296.853908	297.377264	14.898579	2.160459	2.161056	2.270328	2.264954	0.188783
17:12:20 	297.221385	297.942463	296.920075	297.446715	14.998099	2.161653	2.159862	2.270925	2.265551	0.189977
17:12:22 	297.090816	297.942463	296.853908	297.516167	14.948339	2.160459	2.159862	2.270328	2.266148	0.189380
17:12:25 	297.025531	297.942463	296.853908	297.446715	14.948339	2.159862	2.159862	2.270328	2.265551	0.189380
17:12:27 	297.156101	298.011425	296.853908	297.446715	14.948339	2.161056	2.160459	2.270328	2.265551	0.189380
17:12:29 	297.221385	297.942463	296.787742	297.516167	14.848820	2.161653	2.159862	2.269731	2.266148	0.188186
17:12:31 	297.156101	298.011425	296.920075	297.516167	14.998099	2.161056	2.160459	2.270925	2.266148	0.189977
17:12:34 	297.156101	297.942463	296.853908	297.446715	14.948339	2.161056	2.159862	2.270328	2.265551	0.189380
17:12:36 	297.090816	297.942463	296.787742	297.516167	14.898579	2.160459	2.159862	2.269731	2.266148	0.188783
17:12:38 	297.090816	298.011425	296.986242	297.446715	14.799060	2.160459	2.160459	2.271522	2.265551	0.187589
17:12:40 	297.156101	297.873500	296.853908	297.446715	14.898579	2.161056	2.159264	2.270328	2.265551	0.188783
17:12:42 	297.156101	298.011425	296.853908	297.516167	14.898579	2.161056	2.160459	2.270328	2.266148	0.188783
17:12:45 	297.221385	298.011425	296.986242	297.516167	14.948339	2.161653	2.160459	2.271522	2.266148	0.189380
17:12:47 	297.156101	298.011425	296.920075	297.446715	14.898579	2.161056	2.160459	2.270925	2.265551	0.188783
17:12:49 	297.090816	297.942463	296.787742	297.377264	14.948339	2.160459	2.159862	2.269731	2.264954	0.189380
17:12:51 	297.221385	297.873500	296.920075	297.377264	14.998099	2.161653	2.159264	2.270925	2.264954	0.189977
17:12:54 	296.960247	298.011425	296.787742	297.446715	14.948339	2.159264	2.160459	2.269731	2.265551	0.189380
17:12:56 	297.156101	298.011425	296.853908	297.516167	14.898579	2.161056	2.160459	2.270328	2.266148	0.188783
17:12:58 	297.090816	297.942463	296.787742	297.446715	14.898579	2.160459	2.159862	2.269731	2.265551	0.188783
17:13:00 	297.090816	298.011425	296.787742	297.446715	14.998099	2.160459	2.160459	2.269731	2.265551	0.189977
17:13:02 	297.221385	297.942463	296.853908	297.446715	14.898579	2.161653	2.159862	2.270328	2.265551	0.188783
17:13:05 	297.090816	297.942463	296.721575	297.446715	14.948339	2.160459	2.159862	2.269134	2.265551	0.189380
17:13:07 	297.156101	297.942463	296.787742	297.516167	14.848820	2.161056	2.159862	2.269731	2.266148	0.188186
17:13:09 	297.090816	297.804537	296.853908	297.446715	14.898579	2.160459	2.158667	2.270328	2.265551	0.188783
17:13:11 	297.090816	297.942463	296.787742	297.446715	14.948339	2.160459	2.159862	2.269731	2.265551	0.189380
17:13:14 	297.025531	297.804537	296.853908	297.446715	14.948339	2.159862	2.158667	2.270328	2.265551	0.189380
17:13:16 	297.090816	298.080388	296.853908	297.516167	14.948339	2.160459	2.161056	2.270328	2.266148	0.189380
17:13:18 	297.025531	297.873500	296.853908	297.446715	14.948339	2.159862	2.159264	2.270328	2.265551	0.189380
17:13:20 	297.090816	297.942463	296.853908	297.516167	14.948339	2.160459	2.159862	2.270328	2.266148	0.189380
17:13:22 	297.156101	298.080388	296.986242	297.516167	14.948339	2.161056	2.161056	2.271522	2.266148	0.189380
17:13:25 	297.221385	298.011425	296.853908	297.516167	14.898579	2.161653	2.160459	2.270328	2.266148	0.188783
17:13:27 	297.156101	298.011425	296.920075	297.516167	14.948339	2.161056	2.160459	2.270925	2.266148	0.189380
17:13:29 	297.090816	297.942463	296.920075	297.516167	14.898579	2.160459	2.159862	2.270925	2.266148	0.188783
17:13:31 	297.156101	298.080388	296.787742	297.446715	14.948339	2.161056	2.161056	2.269731	2.265551	0.189380
17:13:33 	297.090816	297.942463	296.920075	297.446715	14.898579	2.160459	2.159862	2.270925	2.265551	0.188783
17:13:36 	297.156101	297.942463	296.853908	297.516167	14.898579	2.161056	2.159862	2.270328	2.266148	0.188783
17:13:38 	297.156101	298.011425	296.920075	297.446715	14.948339	2.161056	2.160459	2.270925	2.265551	0.189380
17:13:40 	297.090816	298.011425	296.787742	297.307812	14.898579	2.160459	2.160459	2.269731	2.264357	0.188783
17:13:42 	296.894962	297.942463	296.853908	297.377264	14.848820	2.158667	2.159862	2.270328	2.264954	0.188186
17:13:45 	297.156101	297.942463	296.920075	297.516167	14.848820	2.161056	2.159862	2.270925	2.266148	0.188186
17:13:47 	297.025531	297.942463	296.920075	297.516167	14.948339	2.159862	2.159862	2.270925	2.266148	0.189380
17:13:49 	297.090816	298.011425	296.986242	297.585619	14.998099	2.160459	2.160459	2.271522	2.266745	0.189977
17:13:51 	297.156101	298.080388	296.853908	297.377264	14.948339	2.161056	2.161056	2.270328	2.264954	0.189380
17:13:53 	296.960247	297.942463	296.986242	297.516167	14.948339	2.159264	2.159862	2.271522	2.266148	0.189380
17:13:55 	297.156101	298.011425	297.052409	297.377264	14.898579	2.161056	2.160459	2.272119	2.264954	0.188783
17:13:58 	296.960247	297.942463	296.920075	297.377264	14.898579	2.159264	2.159862	2.270925	2.264954	0.188783
17:14:00 	297.090816	297.942463	296.853908	297.446715	14.898579	2.160459	2.159862	2.270328	2.265551	0.188783
17:14:02 	297.156101	297.942463	296.920075	297.516167	14.898579	2.161056	2.159862	2.270925	2.266148	0.188783
17:14:04 	297.156101	297.942463	296.920075	297.516167	14.948339	2.161056	2.159862	2.270925	2.266148	0.189380
17:14:06 	296.960247	298.011425	296.853908	297.585619	15.047858	2.159264	2.160459	2.270328	2.266745	0.190574
17:14:09 	297.090816	298.080388	296.853908	297.446715	14.898579	2.160459	2.161056	2.270328	2.265551	0.188783
17:14:11 	297.156101	297.942463	296.787742	297.446715	14.998099	2.161056	2.159862	2.269731	2.265551	0.189977
17:14:13 	297.025531	297.942463	296.721575	297.377264	14.848820	2.159862	2.159862	2.269134	2.264954	0.188186
17:14:15 	297.090816	298.080388	296.920075	297.516167	14.948339	2.160459	2.161056	2.270925	2.266148	0.189380
17:14:17 	297.090816	297.942463	296.920075	297.377264	14.898579	2.160459	2.159862	2.270925	2.264954	0.188783
17:14:20 	297.156101	298.011425	296.920075	297.446715	14.898579	2.161056	2.160459	2.270925	2.265551	0.188783
17:14:22 	297.221385	298.011425	296.853908	297.516167	14.948339	2.161653	2.160459	2.270328	2.266148	0.189380
17:14:24 	297.156101	298.011425	296.920075	297.446715	14.948339	2.161056	2.160459	2.270925	2.265551	0.189380
17:14:26 	297.090816	297.804537	296.787742	297.446715	14.948339	2.160459	2.158667	2.269731	2.265551	0.189380
17:14:28 	297.156101	297.873500	296.920075	297.516167	14.948339	2.161056	2.159264	2.270925	2.266148	0.189380
17:14:31 	297.286670	298.011425	296.853908	297.446715	14.848820	2.162250	2.160459	2.270328	2.265551	0.188186
17:14:33 	297.156101	297.942463	296.986242	297.446715	14.848820	2.161056	2.159862	2.271522	2.265551	0.188186
17:14:35 	297.090816	297.942463	296.920075	297.516167	14.948339	2.160459	2.159862	2.270925	2.266148	0.189380
17:14:37 	297.090816	298.080388	296.920075	297.516167	14.948339	2.160459	2.161056	2.270925	2.266148	0.189380
17:14:40 	297.090816	298.011425	296.920075	297.446715	14.898579	2.160459	2.160459	2.270925	2.265551	0.188783
17:14:42 	297.156101	298.011425	296.920075	297.377264	14.998099	2.161056	2.160459	2.270925	2.264954	0.189977
17:14:44 	297.090816	297.942463	296.920075	297.377264	14.948339	2.160459	2.159862	2.270925	2.264954	0.189380
17:14:46 	297.090816	297.942463	296.920075	297.516167	14.848820	2.160459	2.159862	2.270925	2.266148	0.188186
17:14:48 	297.090816	297.942463	296.853908	297.516167	14.998099	2.160459	2.159862	2.270328	2.266148	0.189977
17:14:51 	297.156101	297.942463	296.920075	297.516167	14.898579	2.161056	2.159862	2.270925	2.266148	0.188783
17:14:53 	297.156101	298.011425	296.920075	297.516167	14.848820	2.161056	2.160459	2.270925	2.266148	0.188186
17:14:55 	297.156101	297.942463	296.853908	297.516167	14.948339	2.161056	2.159862	2.270328	2.266148	0.189380
17:14:57 	297.221385	297.942463	296.853908	297.446715	14.948339	2.161653	2.159862	2.270328	2.265551	0.189380
17:14:59 	297.025531	297.942463	296.920075	297.446715	14.948339	2.159862	2.159862	2.270925	2.265551	0.189380
17:15:02 	296.960247	297.942463	296.787742	297.446715	14.948339	2.159264	2.159862	2.269731	2.265551	0.189380
17:15:04 	297.090816	297.873500	296.787742	297.446715	14.848820	2.160459	2.159264	2.269731	2.265551	0.188186
17:15:06 	297.090816	297.873500	296.853908	297.516167	14.848820	2.160459	2.159264	2.270328	2.266148	0.188186
17:15:08 	297.156101	298.011425	296.853908	297.516167	14.998099	2.161056	2.160459	2.270328	2.266148	0.189977
17:15:10 	297.025531	297.873500	296.787742	297.377264	14.898579	2.159862	2.159264	2.269731	2.264954	0.188783
17:15:13 	297.025531	297.942463	296.787742	297.516167	14.898579	2.159862	2.159862	2.269731	2.266148	0.188783
17:15:15 	297.221385	298.011425	296.920075	297.516167	14.998099	2.161653	2.160459	2.270925	2.266148	0.189977
17:15:17 	297.090816	298.011425	296.853908	297.446715	14.848820	2.160459	2.160459	2.270328	2.265551	0.188186
17:15:19 	297.156101	297.942463	296.787742	297.516167	14.948339	2.161056	2.159862	2.269731	2.266148	0.189380
17:15:22 	297.090816	297.942463	296.853908	297.516167	14.848820	2.160459	2.159862	2.270328	2.266148	0.188186
17:15:24 	297.221385	298.011425	296.920075	297.516167	14.998099	2.161653	2.160459	2.270925	2.266148	0.189977
17:15:26 	297.156101	297.942463	296.853908	297.446715	14.848820	2.161056	2.159862	2.270328	2.265551	0.188186
17:15:28 	296.894962	297.942463	296.920075	297.585619	14.948339	2.158667	2.159862	2.270925	2.266745	0.189380
17:15:30 	297.156101	298.080388	296.920075	297.446715	14.848820	2.161056	2.161056	2.270925	2.265551	0.188186
17:15:33 	297.156101	298.011425	296.853908	297.446715	14.948339	2.161056	2.160459	2.270328	2.265551	0.189380
17:15:35 	297.025531	297.873500	296.920075	297.377264	14.948339	2.159862	2.159264	2.270925	2.264954	0.189380
17:15:37 	297.286670	298.011425	296.986242	297.516167	14.898579	2.162250	2.160459	2.271522	2.266148	0.188783
17:15:39 	297.156101	297.942463	296.787742	297.516167	14.998099	2.161056	2.159862	2.269731	2.266148	0.189977
17:15:41 	297.025531	298.011425	296.920075	297.446715	14.898579	2.159862	2.160459	2.270925	2.265551	0.188783
17:15:44 	297.156101	298.011425	296.853908	297.516167	14.948339	2.161056	2.160459	2.270328	2.266148	0.189380
17:15:46 	297.156101	298.080388	296.853908	297.585619	14.948339	2.161056	2.161056	2.270328	2.266745	0.189380
17:15:48 	297.090816	298.080388	296.920075	297.307812	14.898579	2.160459	2.161056	2.270925	2.264357	0.188783
17:15:50 	297.090816	298.011425	296.920075	297.446715	14.948339	2.160459	2.160459	2.270925	2.265551	0.189380
17:15:52 	297.090816	298.011425	296.920075	297.446715	14.898579	2.160459	2.160459	2.270925	2.265551	0.188783
17:15:55 	297.156101	298.011425	296.920075	297.307812	14.998099	2.161056	2.160459	2.270925	2.264357	0.189977
17:15:57 	297.090816	297.942463	296.853908	297.516167	14.998099	2.160459	2.159862	2.270328	2.266148	0.189977
17:15:59 	297.156101	298.011425	296.920075	297.446715	14.898579	2.161056	2.160459	2.270925	2.265551	0.188783
17:16:01 	297.221385	298.011425	296.853908	297.446715	14.998099	2.161653	2.160459	2.270328	2.265551	0.189977
17:16:03 	297.025531	298.011425	296.853908	297.516167	14.848820	2.159862	2.160459	2.270328	2.266148	0.188186
17:16:06 	297.221385	298.011425	296.787742	297.446715	14.898579	2.161653	2.160459	2.269731	2.265551	0.188783
17:16:08 	297.025531	298.011425	296.787742	297.446715	14.948339	2.159862	2.160459	2.269731	2.265551	0.189380
17:16:10 	297.156101	297.942463	296.920075	297.446715	14.898579	2.161056	2.159862	2.270925	2.265551	0.188783
17:16:12 	297.156101	297.873500	296.853908	297.377264	14.948339	2.161056	2.159264	2.270328	2.264954	0.189380
17:16:15 	297.286670	297.942463	296.920075	297.446715	14.898579	2.162250	2.159862	2.270925	2.265551	0.188783
17:16:17 	297.156101	297.942463	296.853908	297.446715	14.898579	2.161056	2.159862	2.270328	2.265551	0.188783
17:16:19 	297.156101	298.011425	296.853908	297.516167	14.799060	2.161056	2.160459	2.270328	2.266148	0.187589
17:16:21 	297.090816	298.011425	296.787742	297.516167	14.948339	2.160459	2.160459	2.269731	2.266148	0.189380
17:16:23 	297.090816	298.080388	296.920075	297.516167	14.898579	2.160459	2.161056	2.270925	2.266148	0.188783
17:16:26 	297.221385	298.011425	296.853908	297.446715	15.047858	2.161653	2.160459	2.270328	2.265551	0.190574
17:16:28 	297.221385	298.011425	296.920075	297.516167	14.898579	2.161653	2.160459	2.270925	2.266148	0.188783
17:16:30 	297.156101	298.011425	296.986242	297.516167	14.898579	2.161056	2.160459	2.271522	2.266148	0.188783
17:16:32 	297.156101	298.011425	296.920075	297.516167	14.898579	2.161056	2.160459	2.270925	2.266148	0.188783
17:16:34 	297.156101	297.873500	296.920075	297.307812	14.948339	2.161056	2.159264	2.270925	2.264357	0.189380
17:16:37 	297.090816	297.942463	296.853908	297.446715	14.948339	2.160459	2.159862	2.270328	2.265551	0.189380
17:16:39 	297.156101	297.873500	296.920075	297.516167	14.898579	2.161056	2.159264	2.270925	2.266148	0.188783
17:16:41 	297.090816	297.666612	296.853908	297.516167	14.898579	2.160459	2.157473	2.270328	2.266148	0.188783
17:16:43 	297.156101	298.011425	296.920075	297.446715	14.948339	2.161056	2.160459	2.270925	2.265551	0.189380
17:16:45 	297.156101	297.942463	296.853908	297.516167	14.898579	2.161056	2.159862	2.270328	2.266148	0.188783
17:16:48 	296.960247	297.942463	296.853908	297.516167	14.898579	2.159264	2.159862	2.270328	2.266148	0.188783
17:16:50 	297.090816	298.011425	296.920075	297.377264	14.898579	2.160459	2.160459	2.270925	2.264954	0.188783
17:16:52 	297.156101	297.873500	296.920075	297.446715	14.898579	2.161056	2.159264	2.270925	2.265551	0.188783
17:16:54 	297.156101	297.873500	296.853908	297.516167	14.898579	2.161056	2.159264	2.270328	2.266148	0.188783
17:16:57 	296.960247	297.873500	296.853908	297.516167	14.898579	2.159264	2.159264	2.270328	2.266148	0.188783
17:16:59 	297.156101	297.873500	296.920075	297.446715	14.848820	2.161056	2.159264	2.270925	2.265551	0.188186
17:17:01 	297.025531	297.873500	296.920075	297.516167	14.948339	2.159862	2.159264	2.270925	2.266148	0.189380
17:17:03 	297.221385	297.873500	296.853908	297.446715	14.948339	2.161653	2.159264	2.270328	2.265551	0.189380
17:17:06 	297.156101	298.011425	296.853908	297.516167	14.898579	2.161056	2.160459	2.270328	2.266148	0.188783
