Timestamp	RTD1		RTD2		RTD3		RTD4		Pressure	Voltage0	Voltage1	Voltage2	Voltage3	Voltage7
13:24:01 	301.118897	301.168088	301.326364	311.610835	14.727369	2.162847	2.162847	2.273911	2.368852	0.188783
13:25:04 	301.186211	301.168088	301.262275	311.674710	14.676766	2.163444	2.162847	2.273314	2.369449	0.188186
13:26:07 	301.051584	301.301498	301.326364	311.610835	14.676766	2.162250	2.164041	2.273911	2.368852	0.188186
13:27:10 	301.320837	301.301498	301.326364	311.738586	14.727369	2.164638	2.164041	2.273911	2.370046	0.188783
13:28:13 	68.345391	70.423919	68.299257	67.940429	-1.010170	0.003080	0.003080	0.003080	0.003080	0.003080
13:29:16 	301.118897	301.234793	301.326364	311.674710	14.676766	2.162847	2.163444	2.273911	2.369449	0.188186
13:30:19 	301.051584	301.368204	301.262275	311.674710	14.626163	2.162250	2.164638	2.273314	2.369449	0.187589
13:31:22 	301.118897	301.501614	301.390453	311.738586	14.676766	2.162847	2.165833	2.274508	2.370046	0.188186
13:32:25 	301.253524	301.234793	301.390453	311.802462	14.676766	2.164041	2.163444	2.274508	2.370643	0.188186
13:33:28 	301.051584	301.368204	301.262275	311.483083	14.676766	2.162250	2.164638	2.273314	2.367658	0.188186
13:34:31 	301.253524	301.368204	301.390453	311.546959	14.626163	2.164041	2.164638	2.274508	2.368255	0.187589
13:35:34 	301.118897	301.368204	301.454542	311.610835	14.676766	2.162847	2.164638	2.275105	2.368852	0.188186
13:36:37 	301.118897	301.301498	301.390453	311.546959	14.626163	2.162847	2.164041	2.274508	2.368255	0.187589
13:37:41 	301.186211	301.301498	301.454542	311.610835	14.626163	2.163444	2.164041	2.275105	2.368852	0.187589
13:38:44 	301.320837	301.301498	301.326364	311.546959	14.727369	2.164638	2.164041	2.273911	2.368255	0.188783
13:39:47 	301.388151	301.434909	301.454542	311.610835	14.727369	2.165236	2.165236	2.275105	2.368852	0.188783
13:40:50 	301.320837	301.434909	301.454542	311.546959	14.727369	2.164638	2.165236	2.275105	2.368255	0.188783
13:41:53 	301.320837	301.301498	301.390453	311.419207	14.626163	2.164638	2.164041	2.274508	2.367061	0.187589
13:42:56 	301.186211	301.568320	301.646808	311.546959	14.676766	2.163444	2.166430	2.276896	2.368255	0.188186
13:43:59 	301.455464	301.501614	301.582719	311.546959	14.676766	2.165833	2.165833	2.276299	2.368255	0.188186
13:45:02 	301.320837	301.568320	301.646808	311.610835	14.676766	2.164638	2.166430	2.276896	2.368852	0.188186
13:46:05 	301.455464	301.434909	301.518631	311.483083	14.676766	2.165833	2.165236	2.275702	2.367658	0.188186
13:47:10 	301.388151	301.568320	301.582719	311.419207	14.575560	2.165236	2.166430	2.276299	2.367061	0.186992
