Timestamp	RTD1		RTD2		RTD3		RTD4		Pressure	Voltage0	Voltage1	Voltage2	Voltage3	Voltage7
15:46:57 	296.331160	296.494228	295.239513	295.238111	20.471658	2.158667	2.158667	2.267939	2.264357	0.255660
15:46:59 	296.394165	296.430564	295.239513	295.177340	20.372139	2.159264	2.158070	2.267939	2.263760	0.254466
15:47:01 	296.457169	296.430564	295.300042	295.177340	20.421899	2.159862	2.158070	2.268537	2.263760	0.255063
15:47:03 	296.331160	296.494228	295.360570	295.238111	20.421899	2.158667	2.158667	2.269134	2.264357	0.255063
15:47:06 	296.268155	296.366900	295.360570	295.298881	20.471658	2.158070	2.157473	2.269134	2.264954	0.255660
15:47:08 	296.520174	296.366900	295.300042	295.177340	20.471658	2.160459	2.157473	2.268537	2.263760	0.255660
15:47:10 	296.394165	296.430564	295.360570	295.238111	20.421899	2.159264	2.158070	2.269134	2.264357	0.255063
15:47:12 	296.394165	296.430564	295.239513	295.055799	20.421899	2.159264	2.158070	2.267939	2.262565	0.255063
15:47:14 	296.520174	296.366900	295.300042	295.177340	20.372139	2.160459	2.157473	2.268537	2.263760	0.254466
