Timestamp	RTD1		RTD2		RTD3		RTD4		Pressure	Voltage0	Voltage1	Voltage2	Voltage3	Voltage7
10:52:09 	296.176831	297.114911	295.927572	296.474391	14.898579	2.152099	2.152696	2.261968	2.257191	0.188783
10:52:11 	296.111546	296.976986	295.993739	296.474391	14.898579	2.151502	2.151502	2.262565	2.257191	0.188783
10:52:13 	296.111546	297.045948	295.993739	296.196584	14.848820	2.151502	2.152099	2.262565	2.254803	0.188186
10:52:15 	296.111546	296.976986	295.927572	296.474391	14.799060	2.151502	2.151502	2.261968	2.257191	0.187589
10:52:17 	296.176831	297.045948	295.861405	296.474391	14.799060	2.152099	2.152099	2.261371	2.257191	0.187589
10:52:20 	296.111546	296.976986	295.861405	296.474391	14.898579	2.151502	2.151502	2.261371	2.257191	0.188783
10:52:22 	296.242116	297.045948	295.993739	296.543843	14.799060	2.152696	2.152099	2.262565	2.257789	0.187589
10:52:24 	296.176831	297.045948	295.927572	296.474391	14.898579	2.152099	2.152099	2.261968	2.257191	0.188783
10:52:26 	296.176831	296.976986	295.993739	296.474391	14.848820	2.152099	2.151502	2.262565	2.257191	0.188186
10:52:28 	296.176831	296.908023	296.059906	296.404939	14.848820	2.152099	2.150905	2.263163	2.256594	0.188186
10:52:31 	296.111546	296.976986	295.993739	296.404939	14.848820	2.151502	2.151502	2.262565	2.256594	0.188186
10:52:33 	296.111546	296.976986	295.927572	296.404939	14.848820	2.151502	2.151502	2.261968	2.256594	0.188186
10:52:35 	296.111546	297.045948	295.993739	296.543843	14.898579	2.151502	2.152099	2.262565	2.257789	0.188783
10:52:37 	296.111546	296.908023	295.927572	296.474391	14.848820	2.151502	2.150905	2.261968	2.257191	0.188186
10:52:40 	296.111546	297.045948	295.927572	296.404939	14.799060	2.151502	2.152099	2.261968	2.256594	0.187589
10:52:42 	296.046262	297.045948	295.927572	296.474391	14.749300	2.150905	2.152099	2.261968	2.257191	0.186992
10:52:44 	296.176831	296.908023	295.861405	296.404939	14.848820	2.152099	2.150905	2.261371	2.256594	0.188186
10:52:46 	296.176831	296.976986	295.927572	296.404939	14.848820	2.152099	2.151502	2.261968	2.256594	0.188186
10:52:48 	296.176831	297.045948	295.927572	296.404939	14.799060	2.152099	2.152099	2.261968	2.256594	0.187589
10:52:51 	296.111546	296.976986	295.927572	296.474391	14.848820	2.151502	2.151502	2.261968	2.257191	0.188186
10:52:53 	296.111546	296.976986	295.861405	296.474391	14.799060	2.151502	2.151502	2.261371	2.257191	0.187589
10:52:55 	296.242116	297.045948	295.927572	296.474391	14.799060	2.152696	2.152099	2.261968	2.257191	0.187589
10:52:57 	296.111546	296.908023	295.861405	296.404939	14.848820	2.151502	2.150905	2.261371	2.256594	0.188186
10:52:59 	296.176831	297.114911	295.927572	296.404939	14.848820	2.152099	2.152696	2.261968	2.256594	0.188186
10:53:02 	296.242116	296.976986	295.927572	296.404939	14.799060	2.152696	2.151502	2.261968	2.256594	0.187589
10:53:04 	296.176831	297.045948	295.927572	296.404939	14.948339	2.152099	2.152099	2.261968	2.256594	0.189380
10:53:06 	296.111546	297.114911	295.861405	296.474391	14.848820	2.151502	2.152696	2.261371	2.257191	0.188186
10:53:10 	296.176831	296.976986	295.993739	296.474391	14.848820	2.152099	2.151502	2.262565	2.257191	0.188186
10:53:13 	296.176831	297.045948	295.861405	296.404939	14.848820	2.152099	2.152099	2.261371	2.256594	0.188186
10:53:15 	296.111546	297.045948	295.927572	296.613294	14.848820	2.151502	2.152099	2.261968	2.258386	0.188186
10:53:17 	296.242116	297.045948	295.993739	296.474391	14.799060	2.152696	2.152099	2.262565	2.257191	0.187589
10:53:19 	296.242116	297.045948	295.927572	296.335487	14.898579	2.152696	2.152099	2.261968	2.255997	0.188783
10:53:21 	296.176831	296.976986	295.993739	296.404939	14.898579	2.152099	2.151502	2.262565	2.256594	0.188783
